2
-1
0
2
-1
1
2
-1
2
2
-1
3
2
0
3
2
0
4
2
1
4
2
1
5
2
2
5
2
3
6
2
4
6
2
5
7
2
6
7
2
6
8
2
7
8
2
8
8
2
-1
-1
2
0
-1
2
1
-1
2
2
-1
2
3
-1
2
4
-1
2
5
-1
2
6
-1
2
7
-1
2
8
-1
2
9
0
2
10
0
2
11
0
2
12
0
2
13
0
2
14
0
2
15
0
2
-1
4
2
-2
3
2
-2
2
2
-2
1
2
-2
0
2
-2
-1
2
-1
-2
2
0
-2
2
1
-2
2
2
-2
2
3
-2
2
4
-2
2
5
-2
2
6
-2
2
7
-2
2
8
-2
2
9
-2
2
-2
-2
2
-3
-2
2
-4
-2
2
-5
-2
2
-5
-1
2
-5
0
2
-4
1
2
-4
2
2
-4
3
2
-3
4
2
-3
5
2
-2
6
2
-2
5
2
-2
4
2
-3
2
2
-3
1
2
-3
0
2
-4
-1
2
-4
0
2
-3
-1
2
-3
3
2
-1
5
2
0
6
2
1
6
2
1
7
2
2
7
2
3
8
2
3
9
2
4
9
2
2
8
2
0
5
2
4
7
2
5
8
2
5
9
2
6
9
2
2
6
2
3
7
2
4
8
2
0
8
2
-1
7
2
-1
6
2
2
9
2
-4
4
2
0
7
2
1
8
2
1
9
2
1
10
2
2
10
2
3
10
2
4
10
2
5
10
2
6
10
2
7
10
2
8
10
2
9
10
2
7
9
2
8
9
2
9
9
2
10
9
2
11
9
2
12
10
2
13
10
2
14
10
2
15
10
2
16
11
2
11
10
2
0
9
2
-1
8
2
-2
8
2
-2
7
2
-3
7
2
-3
6
2
-4
5
2
-5
3
2
-5
2
2
-5
1
2
-5
4
2
-4
6
2
-3
8
2
-2
9
2
-1
10
2
0
11
2
1
11
2
2
11
2
0
10
2
-5
6
2
-5
5
2
-6
4
2
-1
9
2
-4
7
2
-6
3
2
-6
2
2
-6
1
2
-6
0
2
-6
-1
2
-6
-2
2
-5
-3
2
-4
-4
2
-3
-4
2
-2
-4
2
-1
-4
2
0
-4
2
1
-4
2
2
-4
2
3
-4
2
5
-4
2
6
-3
2
7
-3
2
4
-3
2
1
-3
2
0
-3
2
-1
-3
2
-2
-3
2
-3
-3
2
-4
-3
2
-6
-3
2
-7
-3
2
-6
-4
2
-5
-4
2
4
-4
2
6
-4
2
5
-3
2
3
-3
2
2
-3
2
-8
-3
2
-9
-3
2
-8
-2
2
-7
0
2
-7
1
2
-7
3
2
-7
4
2
-8
6
2
-8
7
2
-9
3
2
-9
1
2
-9
0
2
-9
-1
2
-9
-2
2
-10
2
2
-10
4
2
-9
5
2
-9
6
2
-9
7
2
-9
8
2
-9
9
2
-9
10
2
-8
11
2
-8
10
2
-9
4
2
-8
2
2
-8
0
2
-8
-1
2
-7
-1
2
-7
2
2
-9
2
2
-8
1
2
-7
-2
2
-8
3
2
-8
5
2
-8
4
2
-6
5
2
-7
6
2
-6
6
2
-7
5
2
-7
8
2
-6
8
2
-6
7
2
-5
7
2
-7
7
2
-8
8
2
-8
9
2
-7
9
2
-6
9
2
-5
9
2
-5
8
2
-4
8
2
-4
9
2
-3
10
2
-3
9
2
-4
10
2
-5
10
2
-6
10
2
-7
10
2
-7
11
2
-6
11
2
-5
11
2
-4
11
2
-2
11
2
-1
11
2
-3
11
2
-2
10
2
3
11
2
5
11
2
6
11
2
7
11
2
9
11
2
10
11
2
11
11
2
12
11
2
13
11
2
14
11
2
15
11
2
10
10
2
8
12
2
4
11
2
8
11
3
10
1
3
8
1
3
9
1
3
7
1
3
7
0
3
6
0
3
5
0
3
4
0
3
3
0
3
5
1
3
6
1
3
4
1
3
3
1
3
5
2
3
6
2
3
8
2
3
9
2
3
10
2
3
8
0
3
7
2
3
11
1
3
12
1
3
13
1
