2
0
-1
2
-1
-1
2
1
-1
2
2
-1
2
-2
-1
2
-3
-1
2
-4
-1
2
-5
-1
2
-6
-1
2
-6
0
2
-7
0
2
-8
0
2
-9
0
2
-10
0
2
-11
0
2
-12
0
2
-13
0
2
-14
0
2
-15
0
2
-15
1
2
-15
2
2
-16
2
2
-17
2
2
-18
2
2
-19
2
2
-20
2
2
-20
3
2
-20
4
2
-20
5
2
-20
6
2
-20
7
2
-20
8
2
-21
18
2
-22
18
2
-20
15
2
-19
15
2
-18
15
2
-17
15
2
-16
15
2
-15
15
2
-14
15
2
-13
15
2
-12
15
2
-11
15
2
-10
15
2
-9
15
2
-8
15
2
-4
15
2
-7
15
2
-6
15
2
-5
15
2
-3
15
2
-2
15
2
-1
15
2
0
15
3
-8
7
3
-7
7
3
-6
7
1
-5
0
2
-2
11
2
-1
11
2
0
11
2
1
11
2
2
11
2
3
11
2
4
11
2
5
11
2
5
12
2
5
13
2
5
14
2
5
15
2
5
16
2
5
17
2
5
18
2
4
18
2
3
18
2
2
18
2
1
18
2
0
18
2
-1
18
2
-2
18
2
-3
18
2
-4
18
2
-5
18
2
-6
18
2
-7
18
2
-8
18
2
-9
18
2
-10
18
2
-11
18
2
-12
18
2
-13
18
2
-14
18
2
-15
18
2
-16
18
2
-17
18
2
-18
18
2
-19
18
2
-20
18
2
-23
18
2
-24
18
2
-20
9
2
-20
10
2
-20
11
2
-20
12
2
-20
13
2
-20
14
2
-7
11
2
-8
11
2
-9
11
2
-10
11
2
-11
11
2
-12
11
2
-13
11
2
-14
11
3
-4
7
3
-3
7
3
-2
7
3
-1
7
3
4
17
2
3
-1
2
4
-1
2
5
-1
2
6
-1
2
7
-1
2
8
-1
2
9
-1
2
10
-1
2
10
0
2
10
1
2
10
2
2
10
3
2
10
4
2
10
5
2
10
6
2
10
7
2
10
8
2
10
9
2
10
10
2
10
11
2
10
12
2
10
13
2
10
14
2
10
15
2
10
16
2
10
17
2
10
18
2
9
11
2
10
19
2
10
20
2
10
21
2
10
22
2
10
23
2
10
24
2
10
25
2
10
26
2
10
27
2
10
28
2
9
28
2
8
28
2
7
28
2
6
28
2
5
28
2
4
28
2
3
28
2
2
28
2
1
28
2
0
28
2
-1
28
2
-2
28
2
-3
28
2
-4
28
2
-5
28
2
5
19
2
5
20
2
5
21
2
5
22
2
5
23
2
5
24
3
4
19
3
3
19
3
2
19
3
1
19
3
0
19
3
-1
19
3
-2
19
3
-3
19
3
-4
19
2
-5
19
2
-5
20
2
-5
21
2
-5
22
2
-5
23
2
-5
24
2
-6
28
2
-7
28
2
-8
28
2
-9
28
2
-9
27
2
-9
26
2
-9
25
2
-9
24
2
-9
23
2
-9
22
2
-9
21
2
-25
18
2
-26
18
2
-27
18
2
-28
18
2
-29
18
2
-30
18
2
-31
18
2
-32
18
2
-34
18
2
-33
18
2
-35
18
2
-36
18
2
-38
18
2
-39
18
2
-40
18
2
-41
18
2
-42
18
2
-43
18
2
-37
18
2
-21
2
2
-22
2
2
-23
2
2
-24
2
2
-26
2
2
-27
2
2
-25
2
2
-29
2
2
-30
2
2
-28
2
2
-31
2
2
-32
2
2
-33
2
2
-34
2
2
-35
2
2
-36
2
2
-37
2
2
-38
2
2
-39
2
2
-40
2
2
-41
2
2
-42
2
2
-43
2
2
-43
3
2
-43
4
2
-43
6
2
-43
7
2
-43
5
2
-43
8
2
-43
9
3
-43
10
3
-42
10
3
-44
10
3
-45
10
3
-30
30
2
-13
19
2
-13
20
2
-13
21
2
-44
18
2
-45
18
2
-46
18
2
-13
22
2
-13
23
2
-13
24
2
-13
25
2
-10
28
2
-11
28
2
-12
28
2
-13
28
2
-14
28
2
-15
28
2
-16
28
2
-17
28
2
-18
28
3
-11
27
3
-10
27
3
-10
26
3
-11
26
3
-11
25
3
-10
25
3
-10
24
3
-10
23
3
-10
22
3
-10
21
3
-14
19
3
-15
19
3
-16
19
3
-17
19
3
-18
19
3
-19
19
3
-20
19
3
-21
19
3
-22
19
3
-23
19
3
-24
19
3
-25
19
3
-21
24
2
-25
24
3
-23
24
3
-22
24
2
-24
24
2
-24
25
2
-24
26
2
-24
27
2
-24
28
2
-26
24
2
-26
23
2
-26
22
2
-26
21
2
-26
20
2
-26
19
2
-23
28
2
-22
28
2
-21
28
2
-21
25
2
-19
27
2
-18
27
2
-18
29
2
-18
30
2
-18
31
2
-19
31
2
-20
31
2
-21
31
2
-22
31
2
-23
31
2
-24
31
2
-25
31
2
-26
31
2
-27
31
2
-28
31
2
-29
31
2
-30
31
2
-31
31
2
-32
31
2
-33
31
2
-34
31
2
-35
31
2
-36
31
2
-37
31
2
-37
29
2
-37
30
2
-37
28
2
-37
27
2
-37
26
2
-25
25
2
-26
25
2
-25
28
2
-26
28
2
-26
27
2
-26
26
2
-25
26
2
-25
27
3
-27
19
3
-28
19
3
-29
19
3
-30
19
3
-31
19
3
-32
19
3
-33
19
3
-34
19
3
-35
19
3
-36
19
3
-37
19
3
-38
19
3
-39
19
3
-40
19
3
-41
19
3
-42
19
3
-43
19
3
-44
19
3
-45
19
3
-46
19
2
-38
31
2
-39
31
2
-40
31
2
-41
31
2
-42
31
2
-43
31
2
-44
31
2
-45
31
2
-46
31
2
-47
18
2
-47
19
2
-47
20
2
-47
21
2
-47
22
3
-31
30
2
-47
31
2
-48
31
2
-49
31
2
-50
31
2
-51
31
2
-52
31
3
-42
3
3
-41
3
3
-40
3
3
-39
3
3
-38
3
3
-37
3
3
-36
3
3
-35
3
3
-34
3
3
-33
3
3
-32
3
3
-31
3
3
-30
3
3
-29
3
3
-28
3
3
-27
3
3
-26
3
3
-25
3
3
-24
3
3
-23
3
3
-22
3
3
-21
3
3
-32
30
3
-33
30
3
-42
9
3
-42
8
3
-42
7
3
-42
6
3
-42
5
3
-42
4
3
-34
30
3
-35
30
3
-36
30
3
-36
27
3
-36
28
2
-45
9
2
-44
9
2
-44
8
2
-44
6
2
-44
5
2
-44
3
2
-44
2
2
-44
7
2
-45
8
2
-45
7
2
-45
6
2
-45
5
2
-45
4
2
-45
3
2
-45
2
2
-44
4
3
-36
29
3
-27
23
3
-27
22
3
-27
21
3
-27
20
3
-28
21
3
-28
20
3
-29
20
3
-30
20
3
-29
21
3
-31
20
3
-28
22
3
-27
24
3
-46
20
3
-46
21
3
-45
20
3
-46
22
3
-44
20
3
-45
21
3
-42
20
3
-43
20
3
-44
21
3
-47
23
3
-46
23
3
-38
30
3
-39
30
3
-40
30
3
-41
30
3
-42
30
3
-44
30
3
-45
30
3
-43
30
3
-46
30
3
-47
30
3
-48
30
2
-53
31
3
-38
27
3
-38
28
3
-38
29
3
-49
30
3
-50
30
3
-51
30
3
-52
30
3
-53
30
2
-54
31
2
-55
31
2
-49
17
2
-55
30
2
-55
29
2
-55
28
2
-55
27
2
-55
26
2
-55
25
2
-55
24
2
-55
23
2
-55
22
2
-55
21
2
-55
20
2
-55
19
2
-55
18
2
-55
17
2
-54
17
2
-53
17
2
-52
17
2
-51
17
2
-50
17
2
-49
16
3
-54
30
3
-54
29
3
-54
28
3
-54
26
3
-54
27
3
-54
25
3
-54
24
3
-54
23
3
-54
22
3
-54
20
3
-54
19
3
-54
21
3
-54
18
3
-53
18
3
-52
18
3
-51
18
3
-50
18
3
-49
18
2
-49
15
2
-49
14
2
-49
13
2
-49
12
2
-49
11
2
-49
10
2
-49
9
2
-49
8
2
-49
7
2
-49
6
2
-49
5
2
-49
4
2
-49
3
2
-49
2
2
-48
2
2
-47
2
2
-46
2
5
-48
3
3
-5
7
1000000
