2
-4
4
2
-4
3
2
-5
3
2
-5
2
2
-5
1
2
-5
0
2
-5
-1
2
-5
-2
2
-4
-2
2
-4
-3
2
-3
-4
2
-2
-4
2
-2
-5
2
0
-5
2
1
-5
2
2
-5
2
3
-5
2
4
-5
2
5
-4
2
5
-3
2
5
-2
2
5
-1
2
5
0
2
5
1
2
5
2
2
5
3
2
5
4
3
4
-4
3
3
-4
3
2
-4
3
1
-4
4
4
5
4
4
6
4
3
6
4
3
5
5
12
6
5
12
5
6
12
-7
6
12
-8
6
12
-9
6
12
-10
6
12
-11
6
2
-6
6
2
-7
6
2
-8
6
2
-9
6
2
-10
6
2
-11
3
12
-12
3
11
-12
3
10
-12
3
9
-12
3
8
-12
3
7
-12
3
6
-12
3
5
-12
3
4
-12
3
3
-12
3
2
-12
3
1
-12
3
0
-12
3
-1
-12
3
-2
-12
3
-3
-12
3
-4
-12
3
-5
-12
3
-6
-12
3
-7
-12
3
-7
-11
3
-7
-10
3
-7
-8
3
-7
-7
3
-7
-6
3
-7
-5
3
-7
-9
3
-7
-4
3
-7
-3
6
13
6
6
13
5
1000000
