14
20
-14
14
19
-15
14
18
-15
14
17
-15
2
16
-15
7
15
-15
14
1
-15
14
0
-15
14
-1
-15
14
-2
-15
14
-3
-15
14
-4
-15
14
-5
-15
14
-6
-15
14
-7
-15
14
-8
-15
14
-9
-15
14
-10
-15
14
-12
-15
14
-11
-15
14
-14
-15
14
-15
-15
14
-16
-15
14
-17
-15
14
-18
-15
14
-20
-15
14
-20
-14
14
-20
-13
14
-20
-12
14
-20
-11
14
-20
-10
14
-20
-8
14
-20
-7
14
-20
-6
14
-20
-5
14
-20
14
14
-20
13
14
-20
-9
14
-20
12
7
-13
-15
14
-20
11
14
-20
10
2
-19
-15
14
-20
9
14
-20
8
14
-20
7
14
-20
6
14
-20
5
14
-20
4
14
-20
3
14
-20
2
14
-20
1
14
-20
0
14
-20
-1
14
-20
-2
14
-20
-3
14
-20
-4
8
2
-15
8
3
-15
8
4
-15
2
5
-15
9
6
-15
7
7
-15
7
8
-15
7
9
-15
7
10
-15
7
11
-15
7
12
-15
7
13
-15
7
14
-15
14
20
-15
14
20
-13
14
20
-12
14
20
-11
14
20
-10
14
20
-9
14
20
-8
14
20
-7
14
20
-6
14
20
-5
14
20
6
14
20
5
14
20
4
14
20
3
14
20
2
14
20
1
14
20
0
14
20
-1
14
20
-2
14
20
-3
14
20
-4
6
0
-12
6
-1
-12
6
-2
-12
6
-3
-12
3
-4
-12
14
20
15
14
20
14
14
20
13
14
20
12
14
20
11
14
20
10
14
20
9
14
20
8
14
20
7
6
-5
-12
6
-6
-12
6
-7
-12
6
-8
-12
5
-9
-12
5
-10
-12
5
-11
-12
5
-12
-12
5
-13
-12
5
-14
-12
5
-15
-12
14
19
15
14
18
15
14
17
15
14
16
15
14
15
15
14
14
15
14
13
15
14
12
15
14
11
15
14
10
15
14
8
15
14
7
15
14
6
15
14
5
15
14
3
15
14
2
15
14
1
15
14
0
15
14
-2
15
14
-4
15
14
-6
15
14
-8
15
14
-10
15
14
-11
15
14
-13
15
14
-14
15
5
-16
-12
6
-16
-13
6
-16
-14
6
-15
-14
6
-14
-14
3
-12
-14
6
-11
-14
6
-9
-14
14
-20
15
13
-19
15
14
-18
15
14
-17
15
14
-16
15
14
-15
15
14
-12
15
14
-9
15
14
-7
15
14
-5
15
14
-3
15
14
-1
15
14
4
15
14
9
15
6
-7
-14
6
-6
-14
6
-3
-14
6
-2
-14
3
-1
-14
6
-5
-14
3
-8
-14
6
-10
-14
6
-13
-14
6
-15
-13
6
-14
-13
6
-13
-13
6
-12
-13
5
-11
-13
6
-10
-13
6
-9
-13
6
-8
-13
3
-6
-13
6
-5
-13
5
-3
-13
6
-2
-13
6
-4
-13
6
-4
-14
6
-7
-13
9
1
-2
9
1
-3
1
19
14
9
-8
-9
9
-13
4
9
2
8
10
-19
-6
9
13
-7
9
9
4
10
-6
6
7
1
-4
10
7
-1
11
10
11
10
-8
-8
5
-1
2
7
-1
1
7
-1
0
5
0
2
5
1
2
7
1
1
7
1
0
7
1
-1
7
1
-5
7
1
-6
7
1
-12
7
1
-8
7
1
-9
7
1
-10
7
1
-11
16
17
14
7
1
-7
7
-1
-1
7
-1
-2
7
-1
-3
7
-1
-4
7
-1
-5
7
-1
-7
7
-1
-8
7
-1
-9
7
-1
-10
7
-1
-6
7
-1
-11
18
-13
-10
6
-1
-13
6
0
-13
6
1
-13
6
1
-14
6
0
-14
16
18
14
16
18
13
8
18
12
8
18
11
8
18
10
8
18
9
8
18
8
8
18
7
8
18
6
8
18
5
8
18
4
8
18
3
8
18
2
16
18
1
16
18
0
16
18
-1
16
17
12
5
0
-2
16
17
13
16
17
11
16
17
10
16
17
9
16
17
8
16
17
7
16
17
6
16
17
4
16
17
2
16
17
1
16
17
0
16
17
3
16
17
5
16
17
-1
16
17
-2
16
17
-3
16
17
-4
16
17
-5
16
17
-6
16
17
-7
16
17
-8
16
17
-9
16
17
-10
16
17
-11
16
17
-12
16
17
-13
16
17
-14
16
18
-14
16
18
-13
16
18
-12
16
18
-11
16
18
-9
16
18
-8
16
18
-6
16
18
-5
16
18
-4
16
18
-2
16
18
-3
16
18
-10
16
18
-7
15
0
14
3
19
-14
8
-12
-11
8
-11
-11
8
-10
-11
18
-9
-11
18
-8
-11
18
-6
-11
18
-5
-11
18
-3
-11
18
-2
-11
8
-13
-11
18
-7
-11
18
-4
-11
18
-13
-9
18
-13
-8
18
-13
-7
18
-14
-7
18
-15
-7
18
-16
-7
18
-17
-7
17
-19
-9
18
-18
-7
18
-19
-7
18
-19
-8
8
-2
8
8
-2
7
8
-2
9
8
-2
10
8
-2
11
8
-2
12
8
-2
13
8
-2
14
8
-1
7
8
-1
8
8
-1
10
8
-1
11
8
-1
12
8
-1
13
8
-1
14
8
-1
9
9
0
7
9
1
7
9
2
7
9
3
7
9
4
7
9
4
8
9
4
10
9
4
11
9
4
12
9
4
13
9
4
14
9
3
14
9
2
14
9
1
14
9
1
13
9
0
13
9
0
12
9
0
11
9
0
10
9
0
9
9
0
8
9
1
8
9
3
8
9
4
9
9
3
9
9
2
9
9
1
10
9
1
11
9
2
11
9
2
10
9
3
10
9
3
11
9
3
12
9
3
13
9
2
13
9
1
12
9
2
12
9
1
9
9
5
7
9
5
6
9
5
5
9
5
4
9
6
4
9
7
4
9
8
4
9
9
3
9
9
2
9
9
1
9
9
0
9
9
-1
9
9
-2
9
9
-3
9
9
-4
9
9
-6
9
9
-7
9
9
-5
9
9
-8
9
9
-9
9
9
-10
9
9
-11
9
10
-11
9
11
-10
9
12
-9
9
13
-8
3
19
-13
3
19
-12
3
19
-11
3
19
-10
3
19
-9
3
19
-8
3
19
-6
3
19
13
3
19
12
3
19
11
3
19
10
3
19
9
3
19
8
3
19
7
3
19
6
3
19
5
3
19
4
3
19
3
3
19
2
3
19
1
3
19
0
3
19
-1
3
19
-2
3
19
-3
3
19
-4
3
19
-5
3
19
-7
13
13
-6
8
10
-1
9
10
2
9
11
2
9
12
2
9
14
2
9
13
2
9
11
10
9
10
10
9
9
10
9
9
11
9
9
12
9
10
12
9
11
12
9
11
11
9
11
13
9
10
13
9
9
13
9
8
13
9
8
12
9
8
11
9
8
10
9
8
9
9
9
9
9
10
9
9
11
9
9
12
9
9
12
10
9
12
11
9
12
12
9
12
13
9
5
0
9
4
0
9
4
-1
9
3
-1
9
2
-1
9
8
-2
9
7
-2
9
7
-3
9
7
-4
9
6
-4
9
5
-4
8
6
-5
8
5
-5
8
4
-5
8
3
-5
14
-16
-11
8
-14
-11
8
-15
-11
8
-18
-6
2
-21
16
2
-20
16
2
-19
16
2
-18
16
2
-17
16
2
-16
16
2
-15
16
2
-14
16
2
-13
16
2
-12
16
2
-11
16
2
-10
16
2
-9
16
2
-8
16
2
-7
16
2
-6
16
2
-5
16
2
-4
16
2
-3
16
2
-2
16
2
-1
16
2
1
16
2
2
16
2
3
16
2
4
16
2
5
16
2
7
16
2
8
16
2
10
16
2
11
16
2
12
16
2
14
16
2
15
16
2
16
16
2
13
16
2
9
16
2
-21
15
2
-21
14
2
-21
13
2
-21
12
2
0
16
2
6
16
2
-21
11
2
-21
10
2
-21
9
2
-21
8
2
-21
7
2
-21
6
2
-21
4
2
-21
2
2
-21
1
2
-21
0
2
-21
-1
2
-21
-2
2
-21
-3
2
-21
-4
2
-21
-5
2
-21
-6
2
-21
3
2
-21
5
2
-21
-7
2
-21
-8
2
-21
-9
2
-21
-10
2
-21
-12
2
-21
-11
2
-21
-13
2
-21
-14
2
-21
-15
2
-21
-16
2
-20
-16
2
-19
-16
2
-18
-16
2
-17
-16
2
-16
-16
2
-15
-16
2
-14
-16
2
-13
-16
2
-12
-16
2
-11
-16
2
-10
-16
2
-9
-16
2
-8
-16
2
-7
-16
2
-6
-16
2
-5
-16
2
-4
-16
2
-3
-16
2
-2
-16
2
-1
-16
2
0
-16
2
1
-16
2
2
-16
2
3
-16
2
4
-16
2
5
-16
2
6
-16
2
7
-16
2
8
-16
2
9
-16
2
10
-16
2
11
-16
2
12
-16
2
14
-16
2
13
-16
2
15
-16
2
16
-16
2
17
-16
2
18
-16
2
19
-16
2
20
-16
2
21
-16
2
21
-15
2
21
-14
2
21
-13
2
21
-12
2
21
-11
2
21
-10
2
21
-9
2
21
-8
2
21
-7
2
21
-6
2
21
-5
2
21
-4
2
21
-3
2
21
-2
2
21
16
2
21
15
2
18
16
2
19
16
2
20
16
2
17
16
2
21
14
2
21
13
2
21
12
2
21
11
2
21
10
5
0
1
5
0
-1
5
0
-3
5
0
0
2
21
8
2
21
7
2
21
6
2
21
5
2
21
9
2
21
4
2
21
3
2
21
2
2
21
1
2
21
0
2
21
-1
8
10
0
8
10
1
8
11
1
8
12
1
8
13
1
13
16
-3
6
16
14
8
11
0
8
11
-1
6
16
13
8
10
-2
6
16
12
5
0
-4
5
0
-5
5
0
-6
5
0
-7
5
0
-8
5
0
-9
5
0
-10
5
0
-11
9
-16
-3
9
-14
0
1000000
