9
0
-1
9
-1
-1
9
-2
-1
9
-3
-1
8
-2
0
8
-3
0
9
-6
-1
9
-7
-1
9
-8
-1
9
-9
-1
9
-10
-1
9
-11
-1
9
-12
-1
9
1
-1
8
2
-1
8
3
-1
8
4
-1
8
5
-1
8
6
-1
8
7
-1
8
8
-1
8
9
-1
8
10
-1
8
11
-1
8
12
-1
8
13
-1
9
14
-1
9
-13
-1
9
-14
-1
9
-15
-1
9
-16
-1
9
-17
-1
9
-18
-1
9
-19
-1
9
14
0
9
14
1
9
14
2
9
14
3
9
14
4
9
14
5
9
14
6
9
14
7
9
14
8
9
14
9
9
14
10
9
14
11
9
14
12
9
14
13
9
11
16
9
14
16
9
13
16
9
12
16
9
10
16
9
9
16
9
8
16
9
7
16
9
6
16
9
5
16
9
4
16
9
3
16
9
2
16
9
1
16
9
0
16
9
-1
16
9
-2
16
9
-3
16
9
-4
16
9
-5
16
9
-6
16
9
-7
16
9
-8
16
9
-9
16
9
-10
16
9
-11
16
9
-12
16
9
-13
16
9
-14
16
9
-15
16
13
-16
16
5
-19
16
5
-18
16
5
-17
16
13
-20
16
9
-21
16
9
-22
16
9
-23
16
9
-24
16
9
-25
16
9
-26
16
9
-27
16
9
-28
16
9
-29
16
9
-30
16
9
-31
16
9
-32
16
9
-33
16
9
-34
16
9
-35
16
9
-36
16
9
15
16
9
16
16
9
16
15
9
16
14
9
16
13
9
16
12
9
16
11
9
16
10
9
16
9
9
16
8
9
16
7
9
16
6
9
16
5
9
16
4
9
16
3
9
16
2
9
16
1
9
16
0
9
16
-1
1
15
-1
13
6
5
9
1
0
9
1
1
9
1
2
9
1
3
9
1
4
9
1
5
9
1
6
9
1
7
9
1
8
9
1
9
9
1
10
9
0
11
9
1
11
9
-1
11
9
-2
11
9
-3
11
9
-4
11
9
-5
11
10
-4
15
9
-6
11
9
-6
12
9
-7
12
9
-8
12
16
-9
12
16
-10
12
16
-11
12
16
-12
12
16
-13
12
9
-14
12
9
-15
12
8
-4
0
8
-5
0
8
-6
0
8
-7
0
8
-8
0
8
-9
0
8
-10
0
8
-11
0
8
-12
0
8
-13
0
8
-14
0
9
-5
-1
9
-4
-1
3
-36
25
3
-36
26
3
-36
27
3
-36
28
3
-36
29
4
-36
30
4
-35
30
8
-20
19
8
-20
18
9
-16
12
9
-20
-1
8
-20
17
8
-16
19
9
-21
-1
9
-22
-1
9
-22
2
9
-22
0
9
-22
1
9
-8
9
9
-8
10
9
-9
9
9
-8
11
9
-7
11
9
-10
9
9
-11
9
9
-12
9
9
-13
9
9
-14
9
9
-15
9
9
-16
9
9
-17
9
9
-18
9
9
-19
9
9
-19
8
9
-19
7
9
-19
6
9
-19
5
9
-19
4
9
-19
3
9
-19
2
9
-22
9
9
-22
3
9
-22
4
9
-22
5
9
-22
6
9
-22
7
9
-22
8
18
-14
11
3
-21
0
3
-21
1
3
-21
2
3
-21
3
3
-21
4
3
-21
5
3
-21
6
3
-21
7
3
-21
8
3
-21
9
3
-20
0
3
-20
1
3
-20
2
3
-20
3
3
-20
4
3
-20
5
3
-20
6
3
-20
7
3
-20
8
3
-20
9
18
-14
10
9
-16
13
9
-22
10
9
-22
11
8
-16
18
8
-16
17
10
-31
15
9
-37
16
15
-9
10
9
-16
14
9
-16
15
9
-38
16
9
-39
16
9
-40
16
9
-41
16
9
-42
16
13
-26
7
13
-30
3
13
-37
9
13
-38
4
13
-29
11
13
-32
8
13
-33
4
13
-26
1
13
-34
3
9
-35
-1
13
-41
10
13
-41
2
13
-34
14
13
-40
12
13
-37
12
9
-41
-1
13
-29
6
13
-33
11
9
-40
-1
9
-39
-1
9
-38
-1
9
-37
-1
9
-36
-1
9
-34
-1
9
-33
-1
9
-32
-1
9
-31
-1
9
-30
-1
9
-29
-1
9
-28
-1
9
-27
-1
9
-26
-1
9
-25
-1
9
-24
-1
9
-23
-1
9
-42
-1
9
-43
-1
9
-43
0
9
-43
1
9
-43
2
9
-43
3
9
-43
4
9
-43
5
9
-43
6
9
-43
7
9
-43
8
9
-43
9
9
-43
10
9
-43
11
9
-43
12
13
-37
6
9
-43
13
13
-24
3
13
-27
15
13
-24
9
9
-44
13
9
-44
14
3
-43
14
3
-43
15
9
-44
17
9
-44
18
9
-44
19
3
-43
16
3
-43
17
6
-42
14
6
-42
15
9
-44
16
9
-44
15
4
-43
18
9
-43
19
9
-42
19
9
-41
19
9
-40
19
9
-39
19
9
-38
19
9
-37
19
9
-37
20
9
-37
21
9
-37
22
9
-35
17
9
-35
18
9
-35
19
9
-35
20
9
-35
21
9
-35
22
4
-42
18
4
-41
18
4
-40
18
4
-39
18
4
-38
18
4
-37
18
4
-42
17
4
-41
17
4
-40
17
4
-39
17
4
-38
17
3
-37
17
3
-36
17
3
-36
18
3
-36
19
3
-36
20
3
-36
21
3
-36
22
8
-20
20
2
-19
20
2
-17
20
8
-16
20
2
-19
21
12
-20
21
12
-21
21
12
-22
21
12
-22
22
12
-16
21
12
-16
22
12
-16
23
12
-16
24
12
-16
25
12
-16
26
12
-16
27
12
-16
28
12
-16
29
12
-16
30
12
-16
31
12
-16
32
2
-17
21
12
-22
23
12
-22
24
17
-21
22
1000000
