3
0
-1
3
1
-1
3
2
-1
3
4
-1
3
3
-1
3
6
-1
3
5
-1
3
7
-1
3
8
-1
3
9
-1
3
10
-1
3
11
-1
3
12
-1
3
13
-1
3
14
-1
3
15
-1
3
16
-1
3
17
-1
3
18
-1
3
19
-1
3
20
-1
3
21
-1
3
22
-1
4
0
0
4
0
1
4
1
1
4
1
0
4
2
0
4
2
1
4
3
1
4
3
0
4
4
0
4
4
1
4
5
1
4
5
0
4
6
0
4
6
1
4
7
1
4
7
0
4
8
0
4
8
1
4
9
1
4
9
0
4
10
0
4
10
1
4
11
1
4
11
0
4
12
0
4
12
1
4
13
1
4
13
0
4
14
1
4
14
0
4
15
0
4
15
1
4
16
1
4
16
0
4
17
0
4
17
1
4
18
1
4
18
0
4
19
0
4
19
1
4
20
1
4
20
0
4
21
0
4
21
1
4
22
1
4
22
0
9
23
-1
9
24
-1
9
25
-1
9
26
-1
9
27
-1
9
28
-1
9
29
-1
3
30
-1
3
31
-1
3
31
0
3
31
1
3
31
2
3
31
3
3
31
4
3
31
5
3
31
6
3
31
7
3
31
8
3
31
9
3
31
10
3
31
11
3
30
11
3
30
10
3
30
9
3
30
8
3
30
7
3
30
6
3
30
5
3
30
4
3
30
3
3
30
2
3
30
1
3
30
0
3
29
11
3
28
11
3
27
11
3
26
11
3
25
11
3
24
11
3
23
11
3
22
11
3
21
11
3
20
11
3
19
11
3
18
11
3
17
11
6
31
12
6
31
13
3
16
11
3
15
11
6
30
13
6
29
13
6
28
13
6
30
12
6
27
13
6
26
13
6
25
13
6
24
13
6
23
13
6
22
13
6
21
13
6
20
13
6
19
13
6
18
13
6
17
13
6
16
13
6
15
13
6
15
12
6
16
12
6
17
12
6
18
12
6
19
12
6
20
12
6
21
12
6
22
12
6
23
12
6
24
12
6
25
12
6
26
12
6
27
12
6
28
12
6
29
12
6
14
13
6
14
12
6
13
12
6
12
12
6
11
12
6
10
12
6
9
12
6
8
12
6
7
12
6
6
12
6
5
12
6
4
12
6
3
12
6
2
12
6
1
12
6
0
12
6
-1
12
6
-2
12
6
-3
12
6
-4
12
6
-5
12
6
13
13
6
12
13
6
11
13
6
10
13
6
9
13
6
7
13
6
8
13
6
6
13
6
5
13
6
4
13
6
3
13
6
2
13
6
-1
13
6
0
13
6
1
13
3
14
11
3
13
11
3
12
11
6
-3
13
6
-4
13
6
-2
13
6
-5
13
3
11
11
3
10
11
3
9
11
3
8
11
3
7
11
3
6
11
3
5
11
3
4
11
3
3
11
3
2
11
3
1
11
3
0
11
3
-1
11
3
-2
11
3
-3
11
3
-4
11
3
-5
11
3
-6
11
3
-7
11
3
-7
12
3
-8
12
3
-8
13
3
-9
13
3
-10
14
3
-11
15
3
-11
16
3
-12
16
3
-12
17
3
-12
18
6
-6
12
6
-6
13
6
-7
13
6
-8
14
6
-8
15
6
-9
15
6
-10
16
6
-10
17
6
-11
17
6
-11
18
6
-10
18
6
-9
17
6
-9
16
6
-9
14
6
-10
15
6
-7
14
3
-13
18
3
-13
19
3
-14
19
3
-14
20
6
-11
19
6
-12
20
6
-13
20
4
-13
21
3
-13
22
3
-12
23
3
-11
24
3
-10
24
3
-10
25
3
-9
25
4
-9
26
4
-8
26
4
-7
26
4
-6
26
4
-12
21
4
-12
22
4
-11
22
4
-11
23
4
-9
24
4
-8
25
4
-7
25
4
-6
25
3
-14
21
3
-14
22
3
-13
23
4
-12
24
4
-15
19
4
-15
20
4
-15
21
4
-15
22
4
-15
23
4
-14
23
4
-13
24
4
-12
25
4
-11
25
4
-11
26
4
-10
26
18
17
26
18
16
25
18
15
24
18
15
23
18
14
22
18
14
21
18
13
21
18
16
23
18
16
22
18
16
21
18
16
20
18
16
19
18
16
18
2
24
25
2
25
25
2
26
25
18
18
23
18
18
22
18
18
21
2
18
20
2
18
24
2
19
24
2
20
24
2
21
24
2
22
24
18
22
23
18
22
22
18
22
21
2
22
20
18
19
22
2
27
25
18
26
24
18
25
23
18
25
22
18
25
21
18
25
20
18
20
22
18
21
22
2
19
20
2
20
20
2
21
20
18
20
26
18
20
25
18
20
23
18
20
21
18
20
19
18
20
18
18
26
20
18
26
19
18
27
19
18
28
19
18
28
18
18
29
18
18
29
19
18
30
19
18
30
20
18
31
20
18
31
21
18
31
22
18
31
23
2
31
24
18
31
25
18
32
25
2
32
24
2
33
24
2
34
24
18
34
27
2
44
26
2
35
26
2
45
26
2
40
26
18
35
28
2
39
26
2
41
26
2
42
26
2
43
26
18
44
25
18
43
25
18
42
24
18
41
24
18
41
23
18
40
23
18
40
22
18
39
22
18
39
21
18
41
22
18
42
22
18
43
22
18
44
22
18
44
21
18
44
20
18
44
19
18
44
18
18
44
17
18
43
17
18
42
17
18
41
17
18
40
17
18
39
17
2
49
26
18
51
28
18
39
18
18
39
19
18
40
19
18
41
19
18
42
19
18
42
18
18
51
27
2
50
26
2
51
26
2
52
26
2
53
26
18
51
25
18
51
24
18
51
23
18
51
22
18
51
21
18
51
20
18
51
19
18
51
18
18
51
17
18
51
16
18
50
24
18
50
23
18
50
22
18
49
22
18
49
21
18
48
21
18
48
20
18
52
24
18
52
23
18
52
22
18
53
22
18
53
21
18
53
20
18
36
27
18
56
28
18
57
28
18
58
28
18
59
28
18
57
20
18
58
20
18
59
20
18
60
20
18
61
20
18
57
18
18
58
18
18
59
18
18
60
18
18
61
18
18
59
22
18
59
21
18
59
19
18
59
17
18
60
28
18
61
28
18
62
28
18
57
26
18
58
26
1
83
16
18
60
26
2
56
24
2
57
24
18
61
26
2
63
24
10
59
24
2
58
24
2
60
24
2
61
24
2
62
24
17
59
30
18
59
29
18
59
27
18
58
25
18
57
23
18
57
22
18
56
22
18
56
21
18
55
21
18
60
25
18
61
23
18
61
22
18
62
22
18
62
21
18
63
21
2
55
24
2
64
24
5
58
7
18
59
16
14
66
24
14
66
25
14
66
26
14
66
27
14
66
28
14
66
29
14
66
30
14
66
23
14
66
22
14
66
21
14
66
20
14
66
19
14
66
18
14
66
17
14
66
16
14
66
15
14
66
14
14
66
31
14
66
32
14
66
33
14
66
34
14
65
34
14
64
34
14
63
34
14
62
34
14
61
34
14
60
34
14
50
34
14
59
34
14
58
34
14
57
34
14
56
34
14
55
34
14
54
34
14
53
34
14
52
34
14
51
34
14
49
34
14
48
34
14
47
34
14
46
34
14
45
34
14
44
34
14
43
34
14
42
34
14
41
34
14
40
34
14
38
34
14
37
34
14
36
34
14
35
34
14
39
34
14
34
34
14
33
34
14
32
34
14
31
34
14
30
34
14
29
34
14
28
34
14
27
34
14
26
34
14
25
34
14
24
34
14
23
34
14
22
34
14
21
34
14
20
34
14
19
34
14
18
34
14
17
34
14
16
34
14
15
34
14
14
34
14
13
34
2
76
34
2
77
34
2
78
34
2
79
34
2
80
34
2
81
34
2
82
34
2
83
34
2
84
34
18
75
33
18
74
33
18
73
32
18
72
31
18
71
30
18
70
29
18
70
28
18
69
27
18
69
26
18
69
25
18
69
24
18
69
23
18
69
22
18
69
21
18
69
20
18
69
19
18
87
25
18
87
26
18
70
18
18
70
17
18
71
16
18
72
15
18
73
14
18
74
13
18
75
13
2
76
12
2
77
12
2
78
12
2
79
12
2
80
12
2
81
12
2
82
12
2
83
12
2
84
12
18
85
13
18
86
13
18
87
14
18
88
15
18
89
16
18
90
17
18
90
18
18
91
19
18
91
20
18
91
21
18
91
22
18
91
23
18
91
24
2
83
15
18
91
26
18
91
27
18
90
28
18
90
29
18
89
30
18
88
31
18
87
32
18
86
33
18
85
33
18
87
27
18
86
27
18
85
27
18
84
27
18
84
26
18
84
25
18
81
25
18
81
26
18
81
27
18
80
27
18
79
27
18
78
27
18
78
26
18
78
25
2
78
22
2
79
22
2
80
22
2
81
22
2
82
22
2
83
22
2
84
22
2
85
22
2
86
22
2
87
22
2
88
22
18
89
20
18
89
21
18
89
19
18
88
18
18
87
17
18
86
16
2
84
15
2
85
15
18
91
25
2
82
15
2
81
15
18
80
16
18
79
17
18
78
18
18
78
19
18
77
20
18
77
21
18
59
26
4
58
6
3
58
5
9
57
7
3
59
5
3
60
5
3
61
5
3
62
5
3
63
5
3
64
5
3
65
5
3
66
5
3
67
5
3
68
5
3
69
5
3
70
5
3
71
5
3
72
5
3
73
5
3
74
5
3
75
5
3
76
5
3
77
5
3
78
5
3
79
5
3
80
5
3
81
5
3
82
5
3
83
5
3
84
5
3
85
5
3
86
5
3
87
5
3
88
5
3
89
5
9
57
6
4
59
6
4
60
6
4
61
6
4
62
6
4
63
6
4
64
6
4
65
6
4
66
6
4
67
6
4
68
6
4
69
6
4
70
6
4
71
6
4
72
6
4
73
6
4
74
6
4
75
6
4
76
6
4
77
6
4
78
6
4
79
6
4
80
6
4
81
6
4
82
6
4
83
6
4
84
6
4
85
6
4
86
6
4
87
6
4
88
6
4
89
6
9
57
5
14
66
8
14
66
9
14
66
10
14
66
11
14
66
12
14
66
13
6
97
5
6
97
6
6
97
7
5
60
7
5
59
7
6
97
8
5
62
7
5
63
7
5
65
7
5
66
7
5
67
7
5
68
7
5
69
7
5
70
7
5
71
7
5
73
7
5
75
7
5
76
7
6
97
9
6
97
10
6
97
11
6
97
12
6
97
13
6
97
14
5
84
7
5
85
7
5
86
7
5
87
7
5
88
7
5
89
7
5
83
7
5
82
7
5
81
7
5
80
7
5
79
7
5
78
7
5
77
7
5
74
7
5
72
7
5
61
7
5
64
7
6
97
15
6
97
16
6
97
17
6
97
18
6
97
19
6
97
20
6
97
21
6
97
22
6
97
23
6
97
24
6
97
25
6
97
26
6
97
27
6
97
28
6
97
29
6
97
30
6
97
31
6
97
32
4
90
6
4
91
6
4
92
6
4
93
6
4
95
6
4
94
6
4
95
7
4
95
8
4
95
9
4
95
10
4
95
11
4
95
12
4
95
13
4
95
14
4
95
15
4
95
16
4
95
17
4
95
18
4
95
19
4
95
20
4
95
21
4
95
22
4
95
23
4
95
24
4
95
25
4
95
26
4
95
27
4
95
28
4
95
29
4
95
30
4
95
31
4
95
32
3
90
5
3
91
5
3
92
5
3
93
5
3
94
5
3
95
5
3
96
5
5
90
7
5
91
7
5
92
7
5
93
7
5
94
7
3
96
6
3
96
7
3
96
8
3
96
9
3
96
10
3
96
11
3
96
12
3
96
13
3
96
14
3
96
15
3
96
16
3
96
17
3
96
18
3
96
19
3
96
20
3
96
21
3
96
22
3
96
23
3
96
24
3
96
25
3
96
26
3
96
27
3
96
28
3
96
30
3
96
31
3
96
32
3
96
29
6
97
33
6
97
34
6
97
35
6
97
36
6
97
37
6
96
37
6
95
37
6
94
37
6
93
37
6
92
37
6
91
37
6
90
37
6
89
37
3
96
33
3
96
34
3
96
35
3
96
36
4
95
35
4
95
34
4
95
33
3
95
36
3
94
36
3
93
36
3
92
36
3
91
36
3
90
36
3
89
36
6
97
38
5
96
38
5
95
38
5
94
38
5
93
38
5
92
38
5
91
38
5
90
38
5
89
38
17
66
35
1000000
