11
7
8
10
14
14
2
-1
-1
2
0
-1
2
1
-1
2
17
13
2
18
13
2
19
13
2
19
12
2
19
11
2
19
10
2
19
9
2
19
8
2
19
7
2
19
6
2
19
5
2
19
4
2
19
3
2
19
2
2
19
1
2
19
0
2
19
-1
2
19
-2
2
19
-3
2
19
-4
2
19
-5
2
19
-6
2
19
-7
2
19
-8
2
19
-9
2
19
-10
2
19
-11
2
19
-12
2
19
-13
2
19
-14
2
18
-14
2
17
-14
2
16
-14
2
15
-14
10
9
-5
9
7
-8
8
17
8
8
17
7
8
17
6
8
17
5
8
17
4
8
17
3
8
17
2
8
17
1
8
17
0
8
17
-1
8
17
-2
8
17
-3
8
17
-5
8
17
-6
8
17
-7
8
17
-8
8
17
-4
8
17
-9
8
17
-10
8
17
-11
9
6
-8
9
5
-8
8
2
-1
8
3
-1
8
4
-1
8
5
-1
8
6
-1
8
7
-1
8
8
-1
8
9
-1
8
10
-1
8
11
-1
8
12
-1
8
13
-1
8
14
-1
8
15
-1
8
16
-1
8
-1
0
8
-1
1
8
-1
2
8
-1
3
8
-1
4
2
-2
5
2
-2
6
2
-2
7
2
-2
8
2
-2
9
2
-2
10
2
-2
11
2
-2
12
2
-2
14
2
-2
15
2
-2
13
8
-15
-13
6
-1
-4
6
-1
-5
6
-1
-6
6
-1
-7
6
0
-7
6
1
-7
6
1
-6
6
1
-5
6
1
-4
6
0
-4
6
0
-5
6
0
-6
2
2
-9
2
2
-10
2
2
-11
2
2
-12
14
-2
-13
14
-1
-13
14
0
-13
14
1
-13
8
-3
-13
8
-4
-13
8
-5
-13
8
-6
-13
8
-7
-13
8
-8
-13
8
-9
-13
11
-9
-3
8
-10
-13
8
-11
-13
8
-12
-13
8
-13
-13
8
-14
-13
8
-16
-13
8
-17
-13
8
-17
-12
8
-17
-11
8
-17
-10
8
-17
-9
8
-17
-8
8
-17
-7
8
-17
-6
8
-17
-5
8
-17
-4
8
-17
-3
8
-17
-2
8
-17
-1
8
-17
0
8
-17
1
8
-17
2
8
-17
3
8
-17
4
8
-17
5
8
-17
6
8
-17
7
8
-17
8
8
-17
9
7
-2
0
7
-2
1
7
-2
2
7
-2
3
7
-2
4
7
-16
-10
7
-16
-9
7
-16
-8
7
-16
-7
7
-16
-6
7
-16
-5
7
-16
-4
7
-16
-12
7
-16
-11
7
-16
-3
7
-16
-1
7
-16
0
7
-16
1
7
-16
-2
7
-16
2
7
-16
3
7
-16
4
7
-16
5
7
-16
6
7
-16
7
7
-16
8
7
-16
9
2
-5
4
2
-6
4
13
-7
4
2
-4
4
2
-3
4
10
-13
15
2
-20
14
2
-20
13
2
-20
12
2
-20
11
2
-20
10
2
-20
9
2
-20
8
2
-20
7
2
-20
6
2
-20
5
2
-20
4
2
-20
3
2
-20
2
2
-20
1
2
-20
0
2
-20
-1
2
-20
-2
2
-20
-3
2
-20
-4
2
-20
-6
2
-20
-7
2
-20
-8
2
-20
-9
2
-20
-5
2
-20
-10
2
-20
-11
2
-20
-12
2
-20
-13
8
-19
-13
8
-18
-13
1
-19
-10
4
-9
8
7
-1
5
7
-1
6
7
-1
7
7
-1
9
7
-1
10
7
-1
11
7
-1
8
7
-1
12
7
-1
13
7
-1
14
7
-1
15
2
2
-13
2
2
-8
9
4
-8
9
3
-8
1000000
