14
0
-1
2
1
-1
13
-1
-1
13
-2
-1
13
-3
-1
13
-4
-1
13
-5
-1
13
-6
-1
13
-7
-1
13
-8
-1
13
-9
-1
9
1
0
9
1
1
9
1
2
13
7
-1
14
2
-1
13
3
-1
13
4
-1
13
6
-1
3
9
-3
13
7
0
13
7
1
13
5
-1
9
15
1
3
8
-3
9
17
-3
9
16
1
9
17
1
9
18
1
9
19
1
9
19
0
9
19
-1
9
17
-4
9
17
-2
13
25
-3
9
15
0
9
15
-1
9
16
-4
9
15
-4
9
14
-1
9
13
-1
9
13
-2
9
13
-3
9
14
-7
9
13
-4
9
13
-7
9
15
-7
9
12
-4
9
11
-4
9
17
-5
14
17
-6
9
16
-9
9
15
-8
9
15
-9
9
11
-5
9
11
-6
9
11
-7
9
13
-8
3
10
-3
9
13
-9
13
13
-12
9
17
-15
9
17
-9
9
16
-12
9
17
-12
14
3
-12
1
3
-15
9
11
-8
9
11
-9
9
11
-10
9
11
-11
9
13
-10
9
13
-11
9
11
-13
9
11
-14
9
11
-12
9
14
-12
9
15
-12
9
11
-15
9
12
-15
9
13
-15
9
14
-15
9
15
-15
9
16
-15
1000000
