14
0
-1
8
-11
-5
14
16
-2
14
17
-2
8
18
-2
8
19
-2
8
20
-2
14
15
-2
14
-1
-15
14
-3
-15
14
-2
-15
10
8
-6
14
-14
11
8
20
-1
14
-20
-12
8
1
-1
8
2
-1
8
-1
-1
14
-3
0
8
5
-1
8
20
0
8
20
1
8
20
2
14
-15
11
14
1
-15
8
6
-1
14
-3
-1
14
-3
1
14
-3
2
14
-3
3
14
-3
4
14
-3
5
14
-3
6
14
-3
7
14
-3
8
14
-3
9
8
4
-1
8
-2
-1
9
3
-1
9
3
0
9
3
1
9
3
2
9
3
3
8
20
3
14
0
-15
8
20
4
8
20
5
8
20
6
14
-4
-15
14
-3
10
16
-14
-4
14
-20
-11
14
-20
-10
14
-20
-8
14
-20
-7
14
-20
-9
14
-20
-6
14
-20
-5
14
-20
-4
14
-20
-3
14
-20
-2
14
-20
-1
14
-20
0
8
20
7
8
20
8
8
20
9
14
-20
1
14
-20
2
14
-20
3
14
-20
4
14
-20
5
14
-20
6
14
-20
7
14
-20
8
14
-20
9
6
-19
10
3
-20
11
3
-20
12
8
20
10
8
20
11
8
20
12
8
20
13
8
20
14
8
20
15
13
15
-3
13
15
-4
13
15
-5
4
-20
13
13
15
-6
13
15
-7
13
15
-8
13
15
-9
13
15
-10
13
14
-10
13
13
-10
13
13
-11
13
12
-11
13
12
-12
4
-20
14
5
-20
15
9
3
4
3
-19
-9
3
-19
-8
3
-19
-7
3
-19
-6
3
-19
-5
3
-19
-4
3
-19
-3
3
-19
-2
3
-19
-1
3
-19
0
3
-19
1
3
-19
2
3
-19
3
3
-19
4
3
-19
5
3
-19
6
3
-19
7
3
-19
8
3
-19
9
6
-18
10
6
-19
11
3
-19
12
6
-18
11
5
-18
15
3
-18
12
8
-10
12
14
-2
11
14
0
11
14
1
11
14
2
11
8
-10
13
8
11
12
8
11
13
14
-1
11
14
3
11
14
4
11
14
5
11
14
6
11
14
7
11
14
8
11
14
9
11
14
10
11
14
11
11
14
12
11
14
13
11
14
14
11
14
15
11
14
16
11
14
17
11
14
18
11
14
19
11
8
-3
12
8
-3
13
8
4
12
8
4
13
8
18
12
1
19
14
3
-20
10
8
19
12
8
18
13
8
19
13
5
-19
15
14
-3
11
9
3
5
8
-15
-4
8
-15
7
16
-14
7
16
-13
7
16
-12
7
8
-11
7
15
-11
-1
18
-13
3
8
-15
3
8
-11
3
18
-14
3
14
-10
-4
9
3
6
3
-9
-6
3
-9
-12
3
-9
-11
18
-12
3
14
-13
11
14
-12
11
14
-11
11
14
-10
11
14
-20
-15
3
-17
-15
14
-10
7
14
-10
6
14
-10
5
14
-10
4
14
-10
3
14
-10
2
14
-16
11
14
-16
9
14
-10
1
14
-10
-1
14
-10
-2
14
-10
-3
8
-15
-5
14
-10
0
14
-10
-5
14
-10
-6
14
-10
-7
14
-10
-8
14
-10
-9
14
-16
-6
14
-9
11
14
-8
11
14
-7
11
14
-10
-12
14
-16
8
14
-16
10
14
-16
7
14
-16
6
14
-16
5
14
-16
3
14
-16
2
14
-16
0
14
-16
1
14
-16
4
14
-16
-1
14
-16
-3
14
-10
-10
14
-16
-2
14
-10
-11
14
-16
-4
14
-16
-5
14
-16
-7
3
-9
-5
4
-9
-4
18
-14
-7
18
-13
-7
14
-4
-11
14
-3
-11
14
-2
-11
14
-5
-15
14
-4
-10
16
-14
-10
3
-18
-14
14
-6
-15
14
-7
-15
14
-8
-15
14
-9
-15
14
-10
-15
14
-4
-9
3
-18
-15
8
-15
-8
14
-4
-8
14
-4
-7
14
2
-15
8
3
-15
14
-4
-6
14
-4
-5
14
-4
-4
14
-4
-3
14
-4
-2
14
-4
-1
14
-4
0
14
-4
1
14
-4
2
14
-4
3
14
-4
4
14
-4
5
14
-4
6
14
-4
7
14
-4
8
14
-4
9
14
-4
10
14
-4
11
14
-5
-5
14
-6
-5
14
-7
-5
14
-5
11
14
-6
11
3
-9
-10
3
-9
-9
3
-9
-8
16
-13
-10
3
-9
-7
14
-8
-5
14
-16
-8
14
-16
-9
14
-16
-10
10
-7
10
8
-16
-15
8
-3
-10
8
-2
-10
3
-18
9
3
-18
8
3
-18
7
3
-18
6
3
-18
5
3
-18
4
3
-18
3
3
-18
2
3
-18
1
3
-18
0
8
-15
-15
8
-14
-15
14
-13
-15
14
-12
-15
3
-18
-4
3
-18
-5
3
-18
-6
3
-18
-7
3
-18
-8
3
-18
-9
3
-18
-3
3
-18
-2
3
-18
-1
14
-11
-15
16
-12
-10
8
-11
-6
18
-12
-7
14
-10
-13
9
3
7
14
20
-3
14
20
-4
14
20
-5
14
20
-6
14
20
-7
14
20
-8
14
20
-9
14
20
-10
14
20
-11
14
20
-12
14
20
-13
14
20
-14
14
20
-15
14
-20
-13
14
-20
-14
10
8
10
14
-10
-14
6
-17
-14
3
-19
-15
3
-19
-14
3
-19
-13
3
-19
-12
3
-19
-11
3
-19
-10
3
-18
-10
3
-18
-11
3
-18
-12
3
-18
-13
8
-15
-6
8
-15
-7
16
-13
-4
8
-1
-10
8
-11
-7
8
-1
-11
6
-1
-14
6
-2
-14
6
-3
-14
6
-4
-14
6
-5
-14
6
-6
-14
6
-7
-14
6
-8
-14
6
-8
-13
6
-7
-13
6
-6
-13
6
-5
-13
6
-4
-13
6
-3
-13
6
-2
-13
6
-1
-13
3
-9
-14
3
-9
-13
5
-1
-12
5
-2
-12
5
-3
-12
5
-4
-12
5
-5
-12
5
-6
-12
5
-7
-12
5
-8
-12
17
-15
-1
8
-11
-4
16
-12
-4
16
-11
-10
1000000
