8
-2
-3
10
12
10
3
10
0
3
11
0
4
11
1
4
11
2
4
12
2
4
13
2
4
14
2
4
15
2
4
13
1
4
12
1
3
12
0
3
13
0
3
14
0
3
14
1
3
15
1
3
15
0
3
16
1
3
16
2
3
17
2
3
17
1
3
17
3
3
17
4
3
17
5
3
18
5
3
18
6
3
17
6
6
18
4
3
17
7
3
17
8
4
16
9
4
16
8
4
16
7
4
16
6
4
16
5
4
16
4
4
16
3
6
18
2
6
18
3
6
19
4
6
19
5
6
19
6
6
19
7
6
18
7
6
18
8
6
18
9
6
17
9
6
17
10
6
16
10
6
16
11
6
15
11
6
14
11
6
14
10
6
15
10
6
13
11
6
13
12
6
12
12
6
11
12
6
10
12
6
12
11
6
11
11
6
9
12
6
9
13
6
8
13
6
7
13
6
10
13
6
11
13
6
12
13
6
13
13
6
14
12
6
15
12
8
-3
15
8
-3
14
8
-3
13
8
-3
12
8
-3
11
8
-3
10
8
-3
9
8
-3
7
8
15
-13
8
-3
6
8
-3
8
8
-3
5
8
-3
4
8
16
-13
8
-3
3
8
-3
2
8
-3
1
8
-3
0
2
-2
-1
2
-2
2
2
-2
4
2
-2
5
8
-3
-1
2
-2
3
2
-2
1
2
-2
0
8
-3
-2
2
-2
-2
2
-3
16
2
-2
15
2
-2
14
2
-2
13
2
-2
12
2
-2
11
2
-2
10
2
-2
9
2
-2
8
2
-2
7
2
-2
6
3
8
12
3
7
12
3
6
12
3
6
13
3
6
14
3
5
14
3
5
13
3
5
12
3
4
13
3
4
14
3
4
15
3
5
15
2
0
2
2
-1
2
2
-1
1
2
-1
0
2
-1
-1
2
-1
-2
2
0
-2
8
1
-2
8
2
-2
13
17
-13
9
17
-12
9
17
-11
9
17
-10
2
0
-1
9
17
-9
13
17
-8
16
-1
-14
15
-1
-15
1
15
-9
9
12
-7
9
12
-9
9
12
-8
9
12
-10
5
10
-7
5
10
-8
5
10
-9
5
10
-10
4
10
-11
8
3
-1
8
5
-1
8
6
-1
8
7
-1
8
8
-1
8
4
-1
8
-3
-3
8
9
-1
8
10
-1
8
11
-1
8
12
-1
8
13
-1
8
14
-1
8
15
-1
8
16
-1
8
17
-1
8
18
-1
8
19
-1
8
20
-1
8
5
7
8
2
7
8
3
7
8
4
7
8
1
7
8
0
7
8
-1
7
9
6
7
9
6
6
9
6
5
9
6
4
13
6
3
4
11
-11
3
9
0
3
8
0
4
10
1
4
9
1
9
9
-10
9
9
-11
9
9
-12
13
9
-13
3
19
-10
6
19
-6
16
-19
-12
16
-18
-12
16
-17
-12
16
-15
-12
16
-13
-12
16
-12
-12
16
-11
-12
16
-10
-12
16
-14
-12
16
-16
-12
16
-13
-11
16
-11
-11
16
-10
-11
16
-9
-11
16
-8
-11
16
-8
-12
16
-9
-12
16
-12
-11
16
-7
-13
16
-7
-12
16
-6
-13
16
-5
-13
16
-5
-14
16
-4
-14
16
-3
-14
16
-2
-14
16
0
-15
13
9
-9
8
12
-13
8
14
-13
4
12
-11
8
13
-13
8
11
-13
8
10
-13
4
13
-11
4
14
-11
13
12
-6
15
13
-14
16
0
-14
16
1
-15
8
-1
-3
8
0
-3
5
-17
15
5
-18
15
5
-18
14
5
-19
14
5
-19
13
5
-19
12
5
-20
11
5
-20
10
5
-20
8
5
-20
7
4
-20
6
5
-20
9
4
-19
15
4
-20
15
4
-20
14
4
-20
13
4
-20
12
4
-21
12
4
-21
11
4
-21
10
4
-21
9
4
-21
8
4
-21
7
4
-20
5
1000000
