4
0
-1
4
0
-2
4
1
-2
4
1
-1
9
-1
-1
9
-1
-2
9
-1
-3
9
0
-3
9
1
-3
7
2
-3
7
3
-3
7
4
-3
7
5
-3
7
6
-3
7
7
-3
7
8
-3
7
9
-3
7
10
-3
7
11
-3
7
12
-3
7
15
-3
7
15
-2
7
15
-1
7
15
0
7
15
1
7
15
2
6
4
9
8
-1
4
8
0
4
8
1
4
9
10
-15
9
11
-15
9
9
-14
9
12
-15
9
8
-13
9
13
-15
10
12
-8
9
15
-13
9
18
-13
9
19
-13
10
18
-15
7
20
13
9
20
-13
9
17
-8
9
16
-8
9
15
-8
9
14
-8
9
13
-8
9
17
-13
9
12
-7
9
12
-6
9
12
-5
9
12
-4
8
2
4
8
3
4
8
4
4
8
5
4
8
6
4
8
7
4
8
8
4
8
9
4
8
10
4
8
11
4
8
12
4
8
13
4
8
14
4
7
15
4
8
-1
3
8
-1
2
8
-1
1
8
-1
0
9
18
5
9
-6
8
7
15
3
15
-5
7
16
-14
14
16
-14
13
16
-14
12
8
-16
4
16
-14
10
16
-14
9
16
-14
8
16
-14
7
8
-16
5
8
-16
6
8
-16
7
8
-16
8
8
-16
9
8
-16
10
8
-16
11
8
-16
12
8
-16
13
8
-15
4
8
-16
14
16
-14
11
8
-2
4
8
-3
4
8
-4
4
8
-5
4
8
-6
4
8
-7
4
8
-14
4
8
-11
4
8
-10
4
8
-9
4
8
-8
4
9
-12
-10
8
-11
3
8
-11
2
8
-11
1
8
-11
0
8
-11
-1
8
-11
-2
8
-11
-3
9
-11
-4
9
-11
-5
9
-11
-6
9
-11
-7
9
-11
-8
9
-11
-9
7
-2
-12
10
-7
-3
7
-1
-12
7
0
-12
9
1
-12
9
2
-12
9
3
-12
9
4
-12
9
5
-12
9
6
-12
9
7
-12
8
3
-11
8
4
-11
8
4
-10
8
5
-11
8
13
-14
9
16
-13
7
20
12
8
14
-13
9
4
12
9
4
11
9
5
11
7
20
14
9
20
-12
9
20
-11
9
20
-10
9
20
-9
9
20
-8
9
20
-7
9
20
-6
9
20
-5
9
20
-4
9
20
-3
9
20
-2
9
20
-1
9
20
0
9
20
1
9
20
2
9
20
3
9
20
4
9
20
5
9
20
6
9
20
7
9
20
8
9
20
9
9
20
10
9
20
11
7
20
15
9
17
-7
9
17
-6
9
17
-5
9
17
-4
9
17
-3
9
17
-2
9
17
-1
9
17
0
9
17
1
9
17
2
9
17
3
9
17
4
9
18
6
9
18
7
9
18
8
9
18
9
9
18
10
9
17
10
9
16
10
9
15
10
9
14
10
9
13
10
9
12
10
9
11
10
9
10
10
9
9
10
8
3
15
8
3
14
9
3
13
9
3
12
9
3
11
9
3
10
9
4
10
9
5
10
9
6
10
1
4
15
2
8
10
8
4
13
8
5
12
8
6
11
9
7
10
6
5
9
6
6
9
6
7
9
6
8
9
6
9
9
6
10
9
3
-16
3
3
-16
2
3
-16
1
3
-16
0
3
-16
-1
3
-16
-2
3
-15
3
3
-15
2
3
-15
1
3
-15
0
3
-15
-1
3
-15
-2
5
-17
3
5
-17
1
5
-18
1
5
-18
0
5
-18
-1
5
-18
-2
5
-18
-3
5
-18
-4
5
-17
-4
5
-17
-3
5
-17
-2
5
-17
-1
5
-17
0
5
-17
2
5
-18
2
5
-18
3
6
11
9
6
12
9
6
13
9
6
14
9
6
15
9
6
3
9
6
16
9
6
17
9
6
17
8
6
17
7
6
17
6
6
17
5
3
16
8
3
15
8
3
14
8
3
13
8
3
12
8
3
11
8
3
10
8
3
9
8
3
8
8
3
7
8
3
6
8
3
5
8
3
4
8
3
3
8
3
2
8
3
1
8
3
0
8
3
-1
8
3
-2
8
3
-3
8
3
-4
8
3
-5
8
3
2
9
3
1
9
3
0
9
3
-1
9
3
-2
9
3
-3
9
3
-4
9
3
-5
9
9
-7
8
9
-7
9
9
-7
10
3
16
5
3
16
6
3
16
7
6
2
10
6
0
10
6
-1
10
6
-2
10
6
-3
10
6
-4
10
6
-5
10
6
1
10
9
-7
11
5
-5
11
5
-2
11
5
-1
11
5
0
11
5
1
11
5
2
11
5
-3
11
5
-4
11
9
-7
12
9
-8
8
16
-14
6
16
-14
5
9
-13
-10
9
-14
-10
8
-5
15
8
-4
15
8
-3
15
8
-2
15
8
-1
15
8
0
15
8
1
15
8
2
15
9
-3
-12
1000000
