8
-1
-2
8
-1
-3
8
-1
-4
8
-1
-5
8
-1
-6
14
23
-13
14
24
-13
8
-1
-7
8
-1
-8
9
-1
10
9
-1
11
9
-1
12
3
0
14
3
0
15
3
0
16
3
0
17
16
0
18
3
0
19
3
0
20
3
0
21
3
0
22
3
0
23
3
0
24
3
0
25
3
0
26
3
0
27
3
0
28
3
0
29
3
0
30
3
0
31
3
0
32
3
0
33
3
0
34
3
0
35
3
0
36
3
0
37
3
0
38
3
0
39
3
0
40
4
0
41
4
1
42
3
1
41
3
2
42
3
3
42
3
3
43
3
4
43
4
0
42
4
0
43
4
1
44
4
2
44
4
2
43
4
1
43
4
3
44
4
4
44
4
4
45
4
3
45
4
2
45
14
37
28
14
38
28
14
39
28
14
40
28
14
41
28
8
46
31
15
46
30
8
46
29
8
46
28
8
46
27
8
46
26
9
46
25
18
46
23
18
46
22
9
45
25
9
44
25
14
35
25
14
36
28
14
35
28
9
42
25
9
41
25
9
43
25
9
40
25
9
39
25
9
38
25
9
37
25
14
35
27
14
35
26
14
35
24
17
35
23
13
35
21
18
47
22
14
46
21
14
45
21
14
44
21
14
43
21
14
42
21
14
41
21
14
40
21
14
39
21
14
38
21
14
37
21
14
36
21
9
0
-4
15
48
22
18
38
24
18
37
22
18
40
22
18
39
24
18
38
23
18
38
22
18
40
23
18
40
24
18
37
23
18
37
24
16
48
23
16
48
24
18
48
25
18
48
26
6
39
29
6
38
29
9
1
-4
9
2
-4
9
3
-4
14
47
21
14
48
21
14
49
-21
14
50
21
14
51
21
8
51
22
8
51
23
8
51
24
8
51
25
8
51
26
8
51
27
8
51
28
8
51
29
18
39
22
18
39
23
18
41
24
18
42
24
18
42
23
18
42
22
18
41
22
18
41
23
18
43
24
18
43
23
18
43
22
18
44
23
18
44
24
18
44
22
18
45
22
18
45
23
18
45
24
18
46
24
9
4
-4
9
5
-4
9
6
-4
9
7
-4
9
8
-4
8
-1
-9
13
6
11
9
-1
13
13
5
12
13
5
11
8
8
-10
8
9
-10
8
10
-10
8
11
-10
8
12
-10
8
13
-10
8
14
-10
8
15
-10
8
16
-10
8
17
-10
8
18
-10
8
19
-10
8
20
-10
16
49
24
8
21
-10
14
24
-10
14
24
-9
14
24
-8
14
24
-7
14
24
-6
9
24
-5
9
24
-4
9
24
-3
9
24
-2
9
24
-1
9
24
0
9
24
1
9
24
2
9
24
3
9
24
4
9
24
5
9
24
6
9
24
7
9
24
8
8
24
9
14
22
6
13
22
9
13
21
9
13
20
9
13
19
9
13
15
9
15
14
9
13
13
9
13
12
9
13
11
9
13
10
9
13
9
9
13
8
9
13
7
9
13
6
9
13
5
9
13
4
9
13
3
9
13
2
9
13
18
9
13
17
9
13
16
9
9
-1
14
16
23
8
16
23
7
16
23
6
9
23
5
17
23
4
16
23
3
16
23
2
16
23
1
13
1
9
9
-1
15
9
-1
16
14
24
-11
8
-1
-1
8
-1
0
8
-1
1
8
-1
2
8
-1
3
8
-1
4
8
-1
5
8
-1
6
8
-1
7
8
-1
8
8
-1
9
16
23
0
16
23
-1
16
23
-2
16
23
-3
9
-1
17
16
23
-4
16
23
-5
16
23
-6
16
23
-7
16
23
-8
16
23
-9
9
-1
18
9
1
13
8
7
-10
8
6
-10
8
5
-10
8
4
-10
8
3
-10
8
2
-10
8
1
-10
8
0
-10
8
-1
-10
9
1
14
9
1
15
9
1
16
9
1
17
9
1
18
9
0
10
9
1
10
9
2
10
9
3
10
9
4
10
9
5
10
9
6
10
9
7
10
9
8
10
9
9
10
9
10
10
9
11
10
9
12
10
9
13
10
16
50
23
16
50
22
16
50
24
8
51
30
8
51
31
8
50
31
8
49
31
14
24
-12
18
22
-10
18
22
-11
18
22
-12
18
22
-13
3
22
-23
3
23
-23
3
24
-23
3
25
-23
3
26
-23
3
27
-23
3
28
-23
3
31
-22
3
29
-23
3
30
-23
3
32
-21
8
40
-11
17
39
-21
4
22
-22
4
23
-22
4
24
-22
4
25
-22
4
26
-22
4
27
-22
4
28
-22
4
29
-22
4
30
-22
18
39
-14
18
38
-14
18
37
-14
18
36
-14
18
34
-14
14
40
-19
14
40
-18
14
40
-17
14
40
-16
18
33
-14
14
40
-20
14
40
-21
18
32
-14
14
38
-21
14
37
-21
14
36
-21
14
35
-21
8
40
-12
8
40
-13
8
40
-14
14
40
-15
18
35
-14
18
31
-14
18
30
-14
17
29
-14
18
28
-14
18
27
-14
18
26
-14
18
25
-14
18
24
-14
18
28
-6
14
27
-6
14
26
-6
14
25
-6
18
29
-6
18
30
-6
14
31
-6
14
32
-6
14
33
-6
14
34
-6
14
35
-6
14
36
-6
14
37
-6
14
38
-6
14
39
-6
8
40
-6
8
40
-10
8
40
-9
8
40
-8
8
40
-7
4
36
9
4
36
10
4
37
10
3
37
9
7
40
11
7
40
20
7
40
19
7
40
18
7
40
17
7
40
16
7
40
15
7
40
14
7
40
13
9
31
1
9
30
1
9
29
1
9
28
1
9
27
1
9
26
1
18
25
1
9
32
1
9
33
1
9
34
1
9
35
1
18
36
1
18
37
1
18
38
1
18
39
1
8
40
1
8
40
0
8
40
-1
8
40
-2
8
40
-3
8
40
-4
8
40
-5
18
25
9
18
27
9
18
28
9
18
29
9
18
30
9
18
31
9
18
32
9
18
33
9
18
34
9
18
35
9
7
40
12
14
40
9
14
40
8
14
40
7
14
40
6
14
40
5
14
40
4
14
40
3
14
40
2
18
26
9
5
49
20
3
36
2
3
36
3
3
36
4
3
36
5
3
36
6
3
36
7
3
36
8
16
24
10
16
24
11
18
18
14
18
18
13
18
17
13
16
20
11
16
21
11
16
22
11
16
23
11
8
48
31
8
47
31
14
48
-21
14
47
-21
14
46
-21
14
45
-21
14
44
-21
14
43
-21
14
42
-21
14
41
-21
14
50
-21
14
51
-21
14
52
-21
14
53
-21
14
54
-21
14
55
-21
14
56
-21
14
57
-21
1
41
-20
14
41
-17
14
43
-19
14
45
-15
14
46
-19
14
47
-18
14
55
-16
14
48
-19
14
55
-19
14
41
-13
14
45
-10
14
53
-12
14
51
-15
14
52
-18
14
22
4
14
22
5
14
22
3
4
30
-21
4
31
-21
4
31
-20
3
32
-20
3
33
-21
3
34
-21
3
33
-20
4
31
-19
4
32
-19
4
30
-20
4
33
-19
4
29
-21
14
40
10
14
22
7
14
22
8
5
49
19
5
49
18
5
49
17
5
49
16
5
49
15
5
49
11
5
49
14
5
49
13
5
49
12
5
49
10
5
49
8
5
49
7
5
49
6
5
49
5
5
49
9
5
49
1
5
49
-1
5
49
-2
5
49
-3
5
49
-4
5
49
-5
5
49
-6
5
49
-7
5
49
-8
5
49
-10
5
49
-9
5
49
0
5
49
2
5
49
3
5
49
4
5
49
-11
1000000
