9
-16
-47
9
-15
-47
9
-14
-47
2
-5
-46
9
-13
-47
9
-12
-47
3
-19
-47
9
-1
-40
9
-1
-41
9
0
-41
9
-7
-41
3
-18
-47
8
-1
-39
8
-1
-38
8
-1
-37
3
-18
-46
3
-18
-45
9
-16
-37
8
-1
-33
8
-1
-32
8
-1
-31
8
1
-32
9
-16
-38
9
-16
-39
8
-1
-27
8
-1
-26
8
-1
-25
9
-16
-40
9
-7
-42
8
1
-38
8
1
-37
9
-16
-41
9
-16
-42
3
-17
-47
8
1
-33
3
-18
-44
8
1
-31
3
-18
-43
3
-18
-42
3
-18
-41
8
1
-27
8
1
-26
8
1
-25
8
-1
-1
8
-1
-2
8
-1
-3
8
-1
-7
8
1
-1
8
1
-2
8
1
-3
8
-1
-8
8
-1
-9
8
1
-7
8
1
-8
8
1
-9
8
1
-14
8
1
-15
8
-1
-13
8
1
-13
8
-1
-14
8
-1
-15
8
-1
-20
8
-1
-21
8
1
-21
8
-1
-19
8
1
-20
8
1
-19
6
-17
-43
6
-17
-42
6
-17
-41
4
-19
-32
4
-19
-33
4
-19
-34
4
-19
-35
4
-19
-36
4
-19
-37
4
-19
-38
4
-19
-39
4
-19
-40
4
-19
-41
4
-19
-42
4
-19
-43
4
-19
-44
4
-19
-45
4
-19
-46
3
-18
-35
3
-18
-36
3
-18
-37
3
-18
-38
3
-18
-39
3
-18
-40
4
-18
-32
4
-18
-33
4
-18
-34
4
-17
-40
4
-17
-39
4
-17
-38
4
-17
-37
4
-17
-36
4
-17
-35
4
-17
-34
4
-17
-33
4
-17
-32
9
-2
-31
9
-2
-32
9
-2
-33
9
1
-41
9
4
-41
9
6
-41
2
2
-41
9
5
-41
9
3
-41
9
-7
-43
8
-1
-72
9
-1
-71
9
-8
-41
9
-9
-41
9
-10
-41
9
-11
-41
9
-13
-41
9
-14
-41
9
-15
-41
9
-12
-41
2
-4
-46
9
-4
-33
9
-6
-34
9
-5
-34
9
-3
-33
2
-3
-46
9
-8
-35
9
-10
-36
9
-12
-37
9
-11
-37
9
-13
-38
9
-14
-38
9
-9
-36
9
-7
-35
2
-2
-46
12
-1
-46
9
-2
-71
5
0
-49
5
0
-50
5
0
-51
8
-2
-41
8
-2
-72
5
0
-52
8
-1
-36
8
-1
-35
8
-1
-34
8
1
-34
8
1
-36
8
1
-35
8
-1
-28
8
-1
-29
8
-1
-30
8
1
-30
8
1
-29
8
1
-28
8
-1
-16
8
-1
-17
8
-1
-18
8
-1
-22
8
-1
-23
8
-1
-24
8
1
-24
8
1
-23
8
1
-22
8
1
-18
8
1
-17
8
1
-16
8
1
-4
8
1
-5
8
1
-6
8
1
-10
8
1
-11
8
1
-12
8
-1
-12
8
-1
-11
8
-1
-10
8
-1
-6
8
-1
-5
8
-1
-4
9
-5
-71
9
-6
-44
9
-6
-45
1
-6
-46
9
-4
-71
8
-4
-72
2
-7
-49
2
-7
-51
2
-7
-50
2
-7
-52
9
2
-38
9
3
-38
9
4
-38
9
5
-38
2
6
-38
9
7
-38
9
8
-38
9
9
-38
9
10
-38
9
11
-38
9
11
-39
12
5
-46
9
11
-40
9
11
-41
5
0
-46
5
0
-47
5
0
-48
5
2
-46
9
11
-42
9
11
-43
9
11
-44
9
11
-45
5
2
-47
9
9
-47
5
2
-48
5
4
-46
5
4
-47
12
1
-46
12
3
-46
9
7
-41
9
7
-42
9
7
-43
9
7
-44
9
7
-45
12
7
-46
12
7
-47
9
11
-46
9
11
-47
9
11
-48
9
11
-49
5
4
-48
12
7
-48
12
7
-49
12
7
-52
5
0
-53
5
0
-54
5
0
-55
5
0
-56
12
7
-50
12
7
-51
5
6
-46
5
6
-47
5
0
-57
5
0
-58
5
6
-48
5
0
-59
5
0
-60
5
0
-61
5
0
-62
5
2
-49
5
2
-50
5
2
-51
5
2
-52
5
2
-53
5
2
-54
5
2
-55
5
2
-56
5
2
-57
5
2
-58
5
2
-59
5
2
-61
5
4
-54
5
4
-55
5
4
-49
5
4
-50
5
4
-52
5
4
-51
5
4
-56
5
4
-57
5
4
-53
12
3
-60
5
6
-49
5
6
-50
5
6
-51
5
6
-52
5
6
-53
5
6
-54
5
6
-55
4
6
-56
12
-1
-47
12
-1
-48
12
-1
-49
12
-1
-50
12
-1
-51
12
-1
-52
12
-1
-53
12
-1
-54
12
-1
-55
12
-1
-56
12
-1
-57
12
-1
-58
12
-1
-59
12
-1
-60
12
-1
-61
12
-1
-62
12
-1
-63
12
4
-60
12
1
-63
12
2
-63
12
3
-63
12
4
-63
12
5
-63
12
6
-63
12
7
-63
12
8
-63
12
1
-62
12
-1
-64
12
1
-47
12
1
-48
12
1
-49
12
1
-50
12
1
-51
12
1
-52
12
1
-53
12
1
-54
12
1
-55
12
1
-56
12
1
-57
12
1
-58
12
1
-59
12
1
-60
12
1
-61
12
-1
-65
12
-1
-66
12
0
-66
12
1
-66
12
2
-66
12
3
-66
12
4
-66
12
5
-66
12
6
-66
12
7
-66
5
0
-63
5
0
-64
4
0
-65
4
7
-56
5
2
-60
12
3
-47
12
3
-48
12
3
-49
12
3
-50
12
3
-51
12
3
-52
12
3
-53
12
3
-54
12
3
-55
12
3
-56
12
3
-57
12
3
-58
12
5
-60
12
6
-60
12
7
-60
12
8
-60
12
9
-60
12
3
-59
5
4
-58
4
4
-59
4
2
-62
12
5
-47
12
5
-48
12
5
-49
12
5
-50
12
5
-51
12
5
-52
12
5
-53
12
5
-54
12
5
-55
12
5
-56
12
5
-57
12
6
-57
12
7
-57
12
8
-57
12
9
-57
12
10
-57
4
8
-56
4
5
-59
4
6
-59
4
7
-59
4
8
-59
8
9
-59
4
9
-56
8
10
-55
4
3
-62
4
4
-62
4
5
-62
4
6
-62
4
7
-62
4
8
-62
8
7
-65
4
6
-65
4
5
-65
4
4
-65
4
3
-65
4
2
-65
4
1
-65
4
7
-55
4
8
-55
4
9
-55
8
10
-56
4
5
-58
4
7
-58
4
8
-58
8
9
-58
4
6
-58
4
3
-61
4
4
-61
4
5
-61
4
6
-61
4
7
-61
4
8
-61
8
7
-64
4
6
-64
4
4
-64
4
3
-64
4
2
-64
4
1
-64
4
5
-64
12
7
-53
12
7
-54
12
8
-54
12
9
-54
12
10
-54
9
11
-54
9
11
-50
9
12
-50
9
13
-50
9
14
-50
9
14
-51
9
14
-52
9
14
-53
9
14
-54
9
14
-55
9
14
-56
9
14
-57
9
14
-59
9
14
-61
9
14
-62
9
14
-58
9
14
-60
9
14
-70
9
14
-71
9
14
-72
9
11
-58
9
11
-56
9
11
-60
9
11
-61
9
11
-65
9
10
-60
9
14
-69
9
14
-68
9
14
-67
9
14
-66
9
14
-65
9
14
-64
9
14
-63
9
11
-63
9
11
-67
9
10
-71
9
9
-71
9
8
-71
9
7
-71
5
6
-71
9
5
-71
9
4
-71
9
3
-71
5
2
-71
9
1
-71
9
0
-71
9
9
-63
9
9
-64
9
9
-65
9
9
-66
9
8
-66
9
8
-65
9
8
-64
2
-6
-50
2
-5
-58
2
-5
-50
2
-6
-51
2
-3
-52
2
-5
-51
2
-6
-49
2
-6
-52
2
-4
-52
2
-5
-52
8
-7
-45
9
-6
-62
9
-5
-62
9
-2
-56
9
-3
-56
2
-4
-58
2
-4
-64
2
-3
-64
2
-7
-53
2
-7
-54
2
-7
-55
2
-7
-56
2
-7
-57
2
-7
-58
2
-7
-59
2
-7
-60
2
-7
-61
2
-7
-62
2
-7
-63
2
-7
-64
2
-7
-65
2
-7
-66
2
-7
-67
2
-7
-68
2
-7
-69
2
-3
-58
2
-2
-58
9
-2
-57
9
-3
-57
2
-6
-64
2
-5
-64
9
-5
-63
9
-6
-63
8
-8
-45
8
-8
-46
8
-8
-47
8
-8
-48
2
-7
-70
9
-7
-71
9
-6
-71
9
11
-71
9
11
-69
8
3
-72
9
-2
-67
5
-3
-71
9
14
-73
9
13
-73
8
0
-72
8
7
-72
8
5
-72
9
10
-76
9
10
-77
9
4
-78
5
6
-78
8
-5
-72
9
12
-74
9
11
-75
9
0
-78
8
1
-72
5
2
-78
5
-3
-78
9
7
-78
9
5
-78
9
3
-78
9
1
-78
9
-2
-78
9
-4
-78
3
-3
-82
3
-4
-82
4
-15
-81
12
-8
-64
4
-3
-81
3
9
-82
3
10
-82
3
11
-82
3
12
-82
3
13
-82
2
-11
-66
2
-10
-61
2
-12
-66
2
-13
-66
9
-7
-44
9
-8
-44
9
-9
-44
9
-9
-45
9
-9
-46
9
-9
-47
9
-9
-49
9
-9
-48
8
-8
-49
8
-8
-50
8
-8
-51
8
-8
-52
8
-8
-53
8
-8
-54
8
-8
-55
8
-8
-56
8
-8
-57
8
-8
-58
8
-8
-59
8
-8
-60
8
-8
-61
8
-8
-62
8
-8
-63
12
-8
-65
12
-8
-66
12
-8
-67
12
-8
-68
8
-8
-69
8
-8
-70
8
-8
-71
8
-8
-72
8
-7
-72
8
-6
-72
2
-14
-66
9
-15
-63
3
-13
-60
3
-13
-61
3
-13
-62
9
-14
-53
9
-14
-55
9
-14
-56
9
-14
-57
9
-14
-54
9
-14
-52
9
-14
-58
9
-14
-59
9
-14
-60
9
-14
-61
9
-14
-62
9
-12
-62
9
-12
-60
9
-12
-59
9
-12
-58
9
-12
-56
9
-12
-61
9
-12
-55
9
-12
-57
9
-12
-53
9
-12
-52
9
-12
-51
9
-12
-54
9
-14
-48
9
-14
-49
9
-14
-50
9
-14
-51
9
-12
-50
9
-11
-50
9
-10
-50
3
-13
-50
3
-13
-51
3
-13
-52
3
-13
-53
3
-13
-54
3
-13
-55
3
-13
-56
3
-13
-57
3
-13
-58
3
-13
-59
4
-13
-48
3
-13
-49
4
-11
-48
4
-12
-48
4
-12
-49
4
-11
-49
3
-10
-48
3
-10
-49
3
-11
-47
3
-10
-47
6
-12
-46
6
-11
-46
6
-10
-46
3
-13
-63
6
-12
-63
4
-14
-63
3
14
-82
3
15
-82
3
16
-82
4
0
-81
4
-1
-81
4
-2
-81
4
1
-81
4
2
-81
4
3
-81
4
4
-81
4
5
-81
3
-2
-82
3
-1
-82
3
0
-82
3
1
-82
3
2
-82
3
3
-82
3
4
-82
3
5
-82
3
6
-82
3
7
-82
3
8
-82
4
6
-81
6
17
-82
4
15
-55
4
7
-81
4
8
-81
4
9
-81
4
10
-81
4
11
-81
4
12
-81
4
13
-81
4
14
-81
4
15
-81
4
15
-56
4
15
-57
4
15
-59
4
15
-60
4
15
-61
4
15
-62
4
15
-63
4
15
-64
4
15
-66
4
15
-67
4
15
-68
4
15
-70
4
15
-71
4
15
-72
4
15
-74
4
15
-75
4
15
-76
4
15
-78
4
15
-79
4
15
-80
4
15
-77
4
15
-73
4
15
-69
4
15
-65
4
15
-58
4
16
-55
8
16
-51
6
20
-50
6
19
-50
3
19
-51
3
19
-52
3
20
-52
6
20
-51
3
21
-50
3
21
-51
3
21
-52
3
21
-53
3
20
-53
3
19
-53
4
16
-56
6
18
-50
3
18
-51
8
18
-46
3
12
-49
3
13
-49
6
14
-49
6
14
-48
6
14
-47
6
14
-46
3
13
-48
3
13
-47
3
13
-45
3
13
-46
6
17
-57
6
17
-58
6
17
-59
6
17
-60
6
17
-61
6
17
-63
6
17
-64
6
17
-66
6
17
-68
6
17
-69
6
17
-71
3
16
-72
3
16
-71
3
16
-69
3
16
-68
3
16
-67
3
16
-66
3
16
-64
3
16
-63
3
16
-61
3
16
-60
3
16
-58
3
16
-57
3
16
-62
3
16
-59
6
17
-62
3
16
-65
6
17
-65
6
17
-67
6
17
-70
3
16
-70
3
16
-73
3
16
-75
3
16
-77
3
16
-78
3
16
-79
3
16
-80
3
16
-81
6
17
-81
6
17
-80
6
17
-79
6
17
-78
6
17
-77
6
17
-76
6
17
-75
6
17
-74
6
17
-73
6
17
-72
3
16
-74
3
16
-76
3
12
-48
3
12
-47
3
12
-46
3
12
-45
4
13
-44
4
12
-44
4
14
-44
4
14
-45
8
15
-41
4
25
-48
4
25
-47
3
26
-47
6
27
-47
6
27
-46
6
27
-45
6
27
-43
6
27
-44
4
25
-46
4
25
-45
4
25
-44
4
25
-43
4
25
-42
3
25
-49
3
26
-49
3
27
-49
6
27
-48
3
26
-48
3
26
-46
3
26
-45
3
26
-44
3
26
-43
6
27
-42
3
26
-42
3
26
-41
3
26
-40
3
26
-39
3
26
-38
3
26
-37
3
26
-36
3
25
-36
3
24
-36
3
23
-36
3
22
-36
3
21
-36
3
20
-36
3
19
-36
3
18
-36
3
17
-36
3
16
-36
3
15
-36
3
14
-36
3
13
-36
3
12
-36
3
11
-36
3
10
-36
3
9
-36
4
25
-37
4
25
-38
4
25
-39
4
25
-40
4
25
-41
6
27
-36
6
27
-37
6
27
-38
6
27
-39
6
27
-40
6
27
-41
6
27
-35
6
27
-34
6
26
-35
6
26
-34
5
27
-33
5
26
-33
5
25
-33
6
25
-34
6
25
-35
3
8
-36
3
8
-35
3
7
-35
3
7
-34
3
8
-34
3
7
-36
8
-3
-41
8
-7
-46
3
25
-50
3
26
-50
3
27
-50
8
4
-72
8
8
-72
8
9
-72
8
-11
-61
8
-11
-60
8
-10
-60
8
-9
-60
8
-9
-61
6
-17
-44
6
-17
-45
6
-17
-46
9
-16
-48
3
-15
-66
6
-15
-64
6
-15
-65
4
-18
-64
4
-18
-65
4
-18
-66
6
-16
-64
6
-16
-65
6
-16
-66
5
-17
-64
5
-17
-65
5
-17
-66
5
-17
-67
3
-16
-82
4
-17
-81
4
-13
-81
3
-15
-82
3
-14
-82
3
-13
-82
3
-12
-82
3
-11
-82
3
-10
-82
3
-9
-82
3
-17
-82
3
-8
-82
3
-6
-82
3
-5
-82
3
-7
-82
4
-11
-81
4
-9
-81
4
-7
-81
4
-5
-81
9
9
-78
9
8
-78
9
-1
-78
9
-5
-78
9
-6
-78
9
-7
-78
9
-8
-78
9
-9
-78
1000000
