2
-4
-1
2
-3
-1
2
-2
-1
2
-1
-1
2
0
-1
2
1
-1
2
2
-1
2
3
-1
2
4
-1
2
5
-1
2
6
-1
2
7
-1
2
-4
0
2
-4
1
2
-4
2
2
-4
3
2
-4
4
2
-4
5
2
-4
6
2
-4
7
2
-4
8
2
-3
8
2
-2
8
2
-1
8
2
0
8
2
1
8
2
2
8
2
3
8
2
4
8
2
5
8
2
6
8
2
7
8
2
8
8
2
9
8
2
10
8
2
11
8
2
8
-1
2
9
-1
2
10
-1
2
11
-1
2
12
-1
2
13
-1
2
14
-1
2
15
-1
2
16
-1
2
12
8
2
13
8
2
14
8
2
15
8
2
16
8
2
17
8
2
11
0
2
17
-1
2
18
-1
2
19
-1
2
20
-1
2
21
-1
2
22
-1
2
23
-1
2
24
-1
2
18
8
2
19
8
2
20
8
2
21
8
2
22
8
2
23
8
2
24
8
2
25
8
2
26
8
2
27
8
2
24
1
2
24
0
2
25
-1
2
26
-1
2
27
-1
2
28
-1
2
29
-1
2
28
8
2
29
8
2
30
8
2
31
8
2
32
8
2
33
8
2
34
8
2
35
8
2
30
-1
2
31
-1
2
32
-1
2
33
-1
2
34
-1
2
35
-1
2
36
-1
2
36
8
2
16
0
2
30
1
2
30
0
2
37
-1
2
37
0
2
37
1
2
38
1
2
39
1
2
40
1
2
37
8
2
38
8
2
39
8
2
40
8
2
41
8
2
42
8
2
43
8
2
41
1
2
42
1
2
43
1
2
43
2
2
43
3
2
44
3
2
45
3
2
46
3
2
45
8
2
44
8
2
46
8
2
46
2
2
46
1
2
46
0
2
46
-1
2
46
-2
2
46
-3
2
47
8
2
48
8
2
49
8
2
49
6
2
49
5
2
49
7
2
49
4
2
49
3
2
49
2
2
49
1
2
49
0
2
49
-1
2
49
-2
2
49
-3
2
46
-4
2
46
-5
2
46
-6
2
46
-7
2
46
-8
2
47
-8
2
48
-8
2
49
-8
2
50
-8
2
51
-8
2
49
-4
2
49
-5
2
50
-5
2
51
-5
2
52
-5
2
53
-5
2
54
-5
2
52
-8
2
53
-8
2
54
-8
2
55
-8
2
56
-8
2
57
-8
2
55
-5
2
58
-8
2
58
-7
2
59
-7
2
60
-7
2
55
-4
2
55
-3
2
56
-3
2
57
-3
2
58
-3
2
59
-3
2
63
-5
2
61
-7
2
62
-7
2
63
-7
2
55
3
2
55
4
2
55
5
2
55
-2
2
55
-1
2
55
0
2
55
1
2
64
-1
2
55
2
2
63
-6
2
56
5
2
57
5
2
58
5
2
59
5
2
60
5
2
61
5
2
62
5
2
63
5
2
64
5
2
65
5
2
66
5
2
65
-5
2
66
-5
2
66
-2
2
64
-5
2
66
-3
2
66
-4
2
66
4
2
66
3
2
66
2
2
65
-1
2
66
-1
2
67
-1
2
68
-1
2
69
-1
2
67
2
2
68
2
2
69
2
2
70
2
2
70
-1
2
71
2
2
71
-1
2
72
-1
2
73
-1
2
74
-1
2
74
0
2
74
1
2
71
3
2
71
4
2
71
5
2
72
5
2
73
5
2
74
5
2
75
5
2
76
5
2
77
5
2
78
5
2
75
1
2
76
1
2
77
1
2
78
1
2
78
6
2
78
7
2
78
8
2
79
8
2
80
8
2
81
8
2
82
8
2
78
0
2
78
-1
2
79
-1
2
80
-1
2
81
-1
2
81
-2
2
81
-3
2
82
-3
2
83
-3
2
84
-3
2
84
-4
2
84
-5
2
85
-5
2
86
-5
2
87
-5
2
83
8
2
84
8
2
85
8
2
86
8
2
87
8
2
85
1
2
86
1
2
87
-6
2
87
-7
2
88
-7
2
89
-7
2
90
-7
2
91
-7
2
92
-7
2
93
-7
2
87
1
2
89
1
2
90
1
2
91
1
2
94
1
2
95
1
2
96
1
2
100
1
2
101
1
2
102
1
2
88
8
2
89
8
2
90
8
2
91
8
2
92
8
2
93
8
2
94
8
2
95
8
2
96
8
2
97
8
2
98
8
2
99
8
2
100
8
2
101
8
2
102
8
2
94
-7
2
95
-7
2
96
-7
2
97
-7
2
98
-7
2
99
-7
2
100
-7
2
101
-7
2
102
-7
2
103
-7
2
104
-7
2
105
-7
2
106
-7
2
108
-2
2
106
-2
2
107
-2
2
107
-7
2
108
-7
2
109
-7
2
110
-7
2
111
-7
2
103
8
2
104
8
2
105
8
2
106
8
2
107
8
2
108
8
2
109
8
2
110
8
2
111
8
2
112
8
2
113
8
2
114
8
2
115
8
2
116
8
2
117
8
2
118
8
2
111
0
2
112
0
2
113
0
2
112
-7
2
113
-7
2
114
-7
2
115
-7
2
116
-7
2
116
-6
2
116
-5
2
116
-4
2
116
-3
2
116
-2
2
116
-1
2
116
0
2
116
1
2
116
2
2
117
2
2
118
2
2
119
2
2
119
8
2
120
8
2
121
8
2
121
7
2
121
6
2
121
5
2
121
4
2
121
3
2
121
2
2
120
2
1
118
5
2
99
1
2
105
-2
2
110
0
1000000
