9
-2
-1
9
-1
-1
9
0
-1
9
1
-1
9
2
-1
9
3
-1
9
4
-1
9
5
-1
9
6
-1
9
7
-1
9
6
4
9
6
5
9
8
-1
9
-3
-1
9
-3
0
9
-3
1
9
-3
2
9
-3
3
9
-3
4
9
9
-1
9
9
0
9
9
1
9
9
2
9
6
6
9
6
7
9
7
7
9
8
7
9
9
7
9
10
7
9
11
7
9
12
7
9
12
6
9
12
5
9
12
4
9
12
3
9
12
2
9
12
1
9
3
4
9
4
4
9
5
4
9
2
4
9
1
4
9
0
4
9
-1
4
9
-2
4
9
12
0
9
12
-1
8
10
2
8
10
1
8
10
0
8
10
-1
8
10
-2
8
10
-3
9
9
-2
9
9
-3
8
9
-4
9
10
-4
9
11
-4
9
12
-4
9
13
-4
9
14
-4
9
15
-4
8
13
2
2
-3
-2
2
-3
-3
2
-3
-4
2
-3
-5
2
-2
-5
2
-1
-5
2
0
-5
2
1
-5
2
2
-5
2
3
-5
2
4
-5
2
5
-5
2
6
-5
9
7
-5
1
-1
-3
9
15
-3
9
15
-2
9
15
-1
9
15
0
8
13
0
8
13
1
8
13
3
8
13
4
8
13
5
8
13
6
9
13
7
9
7
-6
9
7
-7
9
8
-7
9
9
-7
9
10
-7
9
11
-7
9
15
1
9
15
2
9
15
3
9
15
4
9
12
-7
9
13
-7
2
14
-7
2
15
-7
2
16
-7
2
18
-7
2
17
-7
9
14
7
9
15
7
9
16
7
9
17
7
9
17
4
8
13
-1
9
16
4
3
18
4
3
19
4
3
20
4
3
21
4
3
22
4
3
23
4
3
24
4
9
24
7
9
22
7
9
21
7
9
20
7
9
18
7
9
23
7
9
19
7
8
16
3
8
24
3
8
23
3
8
22
3
8
21
3
8
20
3
8
19
3
8
18
3
8
17
3
2
18
-8
2
18
-9
2
18
-10
2
19
-10
2
20
-10
2
21
-10
9
16
-4
9
17
-4
9
18
-4
9
19
-4
9
20
-4
9
22
-4
9
23
-4
9
21
-4
9
24
-4
2
22
-10
2
23
-10
2
24
-10
2
31
3
3
25
4
3
26
4
3
27
4
3
28
4
3
29
4
3
30
4
3
31
4
8
25
3
8
26
3
8
27
3
8
28
3
8
29
3
8
30
3
8
16
2
8
16
1
8
16
0
8
16
-1
8
16
-2
8
16
-3
4
24
6
4
25
6
4
26
6
4
27
6
4
29
6
4
30
6
4
31
6
4
28
6
9
25
7
9
26
7
9
27
7
9
29
7
9
30
7
9
28
7
9
31
7
2
31
2
2
30
2
2
29
2
2
28
2
2
27
2
2
26
2
2
25
2
9
24
2
9
24
1
9
24
0
9
24
-1
9
24
-2
9
24
-3
8
17
-3
8
18
-3
8
19
-3
8
20
-3
8
21
-3
8
22
-3
8
23
-3
8
23
-2
8
23
-1
8
23
0
8
23
1
8
23
2
9
24
-5
9
24
-6
4
25
-18
4
26
-18
4
27
-18
4
28
-18
4
29
-18
4
30
-18
4
31
-18
4
31
-19
4
30
-19
4
29
-19
4
28
-19
4
26
-19
4
25
-19
4
27
-19
4
32
-19
4
32
-18
1000000
