2
0
-1
2
-1
-1
2
-1
0
2
-1
1
2
-1
2
2
-1
3
2
-1
4
2
0
4
2
1
4
2
2
4
2
3
4
2
4
4
2
1
-1
2
2
-1
2
5
1
2
5
2
2
5
3
2
5
4
2
8
-2
2
9
-2
2
9
-1
2
9
0
2
8
-3
2
8
-4
2
8
-5
2
8
-6
2
8
-7
2
2
-2
2
2
-3
2
2
-4
2
2
-5
2
2
-6
2
2
-7
2
6
4
2
7
4
2
8
4
2
9
4
2
10
4
2
11
4
2
12
4
2
13
4
2
14
4
2
8
-8
2
8
-9
2
8
-10
2
8
-11
2
8
-12
8
3
-12
8
4
-12
2
2
-11
2
2
-8
2
2
-9
2
2
-10
2
2
-12
8
5
-12
8
6
-12
8
7
-12
2
2
-13
2
2
-14
2
2
-15
2
9
1
2
15
4
2
15
3
7
15
1
7
15
0
7
15
-1
2
15
2
2
10
1
2
10
0
2
10
-1
2
10
-2
8
10
-3
8
9
-3
2
8
-13
2
8
-14
2
8
-15
8
9
-4
8
10
-4
8
11
-4
8
11
-5
8
9
-5
8
10
-5
8
9
-6
8
11
-6
8
12
-6
8
10
-6
8
9
-7
8
10
-7
8
11
-7
8
12
-7
8
12
-8
8
13
-8
8
11
-8
8
10
-8
8
9
-8
8
13
-9
8
13
-10
8
12
-10
8
11
-10
8
10
-10
8
9
-10
8
9
-9
8
10
-9
8
11
-9
8
12
-9
2
9
-11
2
10
-11
2
11
-11
2
12
-11
2
13
-11
2
14
-11
2
15
-11
2
16
-11
2
17
-11
2
18
-11
7
15
-2
7
15
-3
7
15
-4
7
15
-5
7
15
-6
7
15
-7
7
15
-8
5
17
-8
5
16
-8
2
18
-8
6
18
-7
3
17
-5
2
16
4
6
19
-7
6
20
-7
2
20
-8
2
19
-8
2
20
-11
2
19
-11
2
21
-11
2
22
-11
2
22
-10
2
22
-9
2
22
-8
2
22
-7
2
22
-6
2
22
-5
7
22
-4
7
21
-4
7
20
-4
7
19
-4
7
18
-4
2
17
4
3
17
-6
3
17
-7
2
18
4
2
19
4
2
20
4
2
21
4
2
23
-14
2
22
-14
2
21
-14
2
20
-14
2
19
-14
2
18
-14
2
16
-14
2
15
-14
2
14
-14
2
13
-14
2
12
-14
2
17
-14
2
11
-14
2
10
-14
2
22
4
2
23
4
2
24
4
2
25
4
2
26
4
2
27
4
2
28
4
2
29
4
2
30
4
2
31
4
2
32
4
2
33
4
2
34
4
2
35
4
2
35
3
2
35
2
2
35
1
2
35
0
2
35
-1
2
35
-2
2
35
-3
2
35
-4
2
35
-5
2
35
-6
2
35
-7
2
35
-8
2
35
-9
2
35
-10
2
35
-11
2
35
-13
2
35
-12
8
24
-14
8
25
-14
8
26
-14
8
27
-14
8
28
-14
8
30
-14
8
31
-14
8
32
-14
8
33
-14
8
34
-14
2
35
-14
8
29
-14
2
10
-15
2
10
-16
2
10
-17
2
10
-18
2
9
-18
2
8
-18
2
7
-18
2
6
-18
2
5
-18
2
4
-18
2
3
-18
2
2
-18
2
1
-18
7
5
-16
7
5
-17
2
0
-18
2
1
-15
2
0
-15
2
-1
-15
2
-2
-15
2
-2
-16
2
-2
-17
2
-2
-18
2
-2
-19
2
-2
-20
2
-2
-21
2
-2
-22
2
0
-19
2
0
-20
2
0
-21
2
0
-22
1
-1
-29
4
18
-3
4
18
-2
4
18
-1
4
18
0
4
18
1
4
18
2
4
18
3
1000000
