2
0
-1
2
2
-1
2
2
-2
2
2
-3
2
2
-4
2
2
-5
2
2
-6
2
2
-7
2
2
-8
2
2
-9
2
2
-10
2
0
-2
2
0
-3
2
0
-4
2
0
-5
2
0
-6
2
0
-7
2
0
-8
2
0
-9
2
0
-10
2
2
-11
2
2
-12
4
1
-15
2
0
-11
2
0
-12
2
0
-13
2
0
-14
2
0
-15
2
0
-16
2
4
-16
2
5
-16
2
6
-16
2
7
-16
2
3
-12
2
4
-12
2
5
-12
2
6
-12
2
7
-12
2
8
-12
2
9
-12
2
10
-12
2
8
-16
2
10
-13
2
10
-14
2
10
-15
2
10
-16
2
2
0
2
2
1
2
2
2
2
2
3
2
2
4
2
2
5
2
1
5
2
0
5
2
-1
5
2
-2
5
2
-3
5
2
-3
4
2
-3
3
2
-3
2
2
-1
-1
2
-3
1
2
-3
0
2
-3
-1
2
-2
-1
2
0
-17
2
0
-18
2
0
-19
2
0
-20
2
4
-17
2
4
-18
2
4
-19
2
4
-20
8
1
-20
8
2
-20
8
3
-20
2
8
-17
2
8
-18
2
8
-19
2
8
-20
2
8
-21
2
8
-22
2
10
-17
2
10
-18
2
10
-19
2
10
-20
2
10
-21
2
10
-22
2
8
-23
2
8
-24
2
8
-25
9
8
-26
9
8
-27
2
10
-23
2
10
-24
2
10
-25
9
10
-26
9
10
-27
9
10
-28
9
10
-29
9
10
-30
9
8
-28
9
8
-29
9
8
-30
9
10
-31
9
10
-32
9
10
-33
9
10
-34
9
10
-35
9
10
-36
9
10
-37
9
10
-38
9
10
-39
9
8
-31
9
8
-32
9
8
-33
9
8
-34
9
8
-35
9
8
-36
9
8
-37
9
8
-38
9
8
-39
9
8
-40
9
8
-41
9
8
-42
9
8
-43
9
8
-44
9
8
-45
9
8
-46
9
8
-47
9
8
-48
9
8
-49
9
8
-50
9
8
-51
9
8
-52
9
8
-53
9
8
-54
9
10
-40
9
10
-41
9
10
-42
9
10
-43
9
10
-44
9
10
-45
9
10
-46
9
10
-47
9
10
-48
9
10
-49
9
10
-50
9
10
-51
9
10
-52
9
10
-53
9
10
-54
4
2
-15
9
10
-55
9
10
-56
9
8
-55
9
8
-56
9
8
-57
9
8
-58
9
8
-59
9
8
-60
9
8
-61
9
8
-62
9
8
-63
9
8
-64
9
8
-65
9
8
-66
9
8
-67
9
8
-68
9
8
-69
9
8
-70
9
8
-71
9
8
-72
9
8
-73
9
8
-74
9
13
-74
9
13
-73
9
13
-72
9
13
-71
9
13
-70
9
13
-69
9
13
-68
9
13
-67
9
13
-65
9
13
-64
9
13
-63
9
13
-62
9
13
-61
9
13
-66
9
13
-60
9
13
-59
9
13
-58
9
13
-57
9
13
-56
9
13
-55
9
13
-54
9
13
-52
9
13
-51
4
9
-59
9
13
-53
9
13
-50
9
13
-49
9
13
-48
9
13
-47
9
13
-46
9
13
-45
9
13
-43
9
13
-42
9
13
-41
9
13
-40
9
13
-39
9
13
-44
9
13
-37
9
13
-36
4
11
-26
9
13
-38
4
12
-26
4
13
-26
4
14
-26
9
15
-26
13
13
-29
9
13
-33
9
13
-35
9
13
-34
2
11
-25
2
12
-25
2
13
-25
2
14
-25
2
15
-25
9
24
-51
9
15
-27
9
15
-28
9
15
-29
9
15
-30
9
15
-31
9
15
-32
9
13
-30
9
13
-31
9
13
-32
9
15
-33
9
15
-34
9
15
-35
9
15
-37
9
15
-38
9
15
-39
9
15
-40
9
15
-41
9
15
-36
9
15
-42
9
15
-43
9
15
-44
9
15
-45
9
15
-46
9
15
-47
9
15
-48
9
14
-51
9
15
-51
9
16
-51
9
17
-51
9
18
-51
9
19
-51
9
20
-51
9
21
-51
9
22
-51
9
23
-51
9
16
-48
9
17
-48
9
19
-48
9
20
-48
9
21
-48
9
22
-48
9
23
-48
9
18
-48
9
25
-51
9
26
-51
9
27
-51
9
28
-51
9
24
-48
9
25
-48
9
26
-48
13
27
-48
9
29
-51
9
29
-50
9
29
-49
9
29
-48
9
29
-47
9
29
-46
9
27
-47
9
27
-46
9
27
-45
9
27
-44
9
29
-45
9
27
-42
9
28
-42
9
27
-43
9
29
-42
9
31
-42
9
31
-43
9
31
-44
9
31
-45
9
32
-45
9
33
-45
9
34
-45
9
34
-46
9
34
-47
9
34
-48
9
34
-49
9
34
-50
8
11
-24
8
12
-24
8
13
-24
8
14
-24
8
15
-24
8
16
-24
8
16
-25
8
16
-26
8
16
-27
8
16
-28
9
30
-42
9
34
-51
9
33
-51
9
32
-51
9
31
-51
9
30
-48
9
31
-48
9
32
-48
1
18
-56
4
14
-61
4
15
-61
4
16
-61
4
17
-61
4
18
-61
4
19
-61
4
20
-61
4
21
-61
4
22
-61
1000000
