2
-4
-1
2
-3
-1
2
-2
-1
2
-1
-1
2
0
-1
2
1
-1
2
2
-1
2
3
-1
2
4
-1
2
5
-1
2
-4
0
2
-4
1
2
-4
2
2
-4
3
2
-4
4
2
-4
5
2
-4
6
2
-3
6
2
-2
6
2
-1
6
2
0
6
2
1
6
2
2
6
2
3
6
2
4
6
2
5
6
2
11
6
16
5
5
16
5
4
16
5
3
16
5
2
16
5
1
16
5
0
2
6
6
2
7
6
2
8
6
2
9
6
2
10
6
2
12
6
2
6
-1
2
7
-1
2
8
-1
2
9
-1
2
10
-1
2
11
-1
2
12
-1
15
9
3
16
12
5
16
12
4
16
12
3
16
12
2
16
12
1
16
12
0
2
13
6
2
14
6
2
15
6
2
16
6
2
17
6
2
18
6
2
19
6
2
20
6
2
21
6
2
13
-1
2
14
-1
2
15
-1
16
16
-1
16
17
-1
16
18
-1
16
19
-1
16
20
-1
16
21
-1
16
22
-1
16
23
-1
16
24
-1
2
22
6
2
23
6
2
24
6
2
25
6
2
26
6
2
25
-1
2
26
-1
2
27
-1
2
28
-1
8
14
5
8
15
5
8
16
5
8
17
5
8
18
5
8
19
5
8
20
5
8
21
5
8
22
5
8
23
5
8
24
5
8
25
5
8
26
5
8
16
-2
8
17
-2
8
19
-2
8
20
-2
8
21
-2
8
22
-2
8
23
-2
8
24
-2
8
25
-2
8
18
-2
8
15
-2
8
14
-2
8
26
-2
2
27
6
2
28
6
2
29
-1
2
30
-1
2
29
6
2
30
6
15
41
7
2
31
6
8
31
7
8
31
8
8
31
9
8
31
10
8
32
10
8
33
10
8
34
10
8
35
10
8
36
10
8
37
10
8
38
10
8
39
10
8
40
10
8
41
10
8
42
10
8
43
10
8
44
10
8
44
9
8
44
8
8
44
7
8
44
6
8
44
5
8
44
4
8
44
3
8
44
2
8
44
1
8
44
0
8
44
-1
8
44
-2
8
44
-3
8
44
-4
8
44
-5
8
44
-6
2
31
-1
8
31
-2
8
31
-3
8
31
-4
8
31
-5
8
31
-6
8
31
-7
8
32
-7
8
33
-7
8
34
-7
8
35
-7
8
36
-7
8
37
-7
8
38
-7
8
39
-7
8
40
-7
13
41
-7
9
43
-10
8
44
-7
16
43
9
16
43
8
16
43
7
16
43
6
16
43
5
16
43
4
16
43
3
16
43
2
16
43
1
16
43
0
16
43
-1
16
43
-2
16
43
-3
16
43
-4
16
43
-5
16
43
-6
13
43
-7
9
42
-10
9
41
-10
2
41
-19
2
43
-19
9
36
-10
9
37
-10
9
38
-10
9
39
-10
9
40
-10
9
44
-10
9
45
-10
9
46
-10
9
47
-10
9
48
-10
16
43
-28
16
43
-29
2
43
-20
2
43
-21
2
43
-22
2
41
-20
2
41
-21
2
41
-22
16
43
-30
2
41
-23
2
41
-24
2
41
-25
2
41
-26
2
41
-27
2
41
-28
2
43
-23
2
43
-24
2
43
-25
2
43
-26
8
43
-27
2
44
-27
2
45
-27
2
46
-27
2
47
-27
2
48
-27
2
49
-27
2
41
-29
2
41
-30
2
41
-31
2
41
-32
2
41
-33
2
41
-34
2
41
-35
2
50
-27
2
50
-35
2
42
-35
2
43
-35
2
44
-35
2
45
-35
2
46
-35
2
47
-35
2
51
-35
2
52
-35
2
49
-35
2
53
-35
2
48
-35
2
54
-35
2
56
-35
2
55
-35
2
51
-27
2
52
-27
2
53
-27
2
54
-27
2
55
-27
2
56
-27
2
57
-27
2
58
-27
2
59
-27
2
60
-27
2
61
-27
2
57
-35
2
58
-35
2
59
-35
2
60
-35
2
61
-35
2
62
-27
2
63
-27
2
64
-27
2
66
-27
2
67
-27
2
68
-27
2
65
-27
16
43
-31
16
43
-32
16
43
-33
16
43
-34
16
44
-34
16
44
-33
16
44
-32
16
44
-31
16
44
-30
16
44
-29
16
44
-28
16
45
-28
16
45
-29
16
45
-30
16
45
-31
16
45
-32
16
45
-33
16
45
-34
16
46
-34
16
46
-33
16
46
-32
16
46
-31
16
46
-30
16
46
-29
16
46
-28
16
47
-28
16
47
-30
16
47
-31
16
47
-32
16
47
-34
16
47
-33
16
47
-29
16
48
-28
16
48
-29
16
48
-30
16
48
-31
16
48
-32
16
48
-33
16
48
-34
16
49
-34
16
49
-33
16
49
-32
16
49
-31
16
49
-30
16
49
-29
16
49
-28
16
50
-28
16
50
-29
16
50
-30
16
50
-31
16
50
-32
16
50
-33
16
50
-34
16
51
-34
16
52
-34
16
51
-33
16
51
-32
16
51
-31
16
51
-30
16
51
-29
16
51
-28
15
52
-28
16
52
-29
16
52
-30
16
52
-31
16
52
-32
16
52
-33
16
53
-34
16
53
-33
16
53
-32
16
53
-31
16
53
-30
16
53
-29
16
53
-28
16
55
-28
16
54
-28
16
54
-29
16
54
-30
16
54
-31
16
54
-32
16
54
-33
16
54
-34
8
55
-33
16
55
-32
16
55
-30
16
55
-29
8
55
-34
16
55
-31
16
56
-28
16
56
-29
16
56
-31
16
56
-32
16
56
-33
16
56
-34
16
56
-30
16
57
-28
16
57
-29
16
57
-30
16
57
-31
16
57
-32
16
57
-33
15
57
-34
16
58
-28
16
58
-29
16
58
-30
16
58
-32
16
58
-33
16
58
-34
16
58
-31
16
63
-28
16
63
-29
16
59
-33
16
59
-34
16
60
-34
16
60
-33
16
63
-30
16
63
-31
16
63
-32
16
63
-33
16
59
-29
16
59
-28
16
60
-28
16
60
-29
8
61
-29
8
61
-28
12
61
-30
8
61
-31
8
61
-32
16
61
-33
16
61
-34
16
62
-34
16
62
-33
13
62
-32
2
62
-31
2
62
-30
2
62
-29
2
62
-28
16
63
-34
2
64
-34
2
64
-33
2
64
-32
16
64
-31
12
66
-31
16
64
-29
16
64
-28
16
65
-28
16
65
-29
16
65
-30
16
65
-31
16
65
-32
16
65
-33
16
65
-34
16
66
-28
16
66
-29
16
64
-30
16
66
-30
2
66
-32
16
66
-33
16
66
-34
16
67
-34
16
67
-33
16
67
-32
16
67
-31
16
67
-30
16
67
-29
16
67
-28
16
68
-28
16
68
-29
16
68
-30
16
68
-31
2
68
-32
2
68
-33
2
68
-34
16
69
-34
16
69
-33
16
69
-32
16
69
-31
16
69
-30
16
69
-29
16
69
-28
16
70
-28
16
70
-29
16
70
-30
16
70
-31
12
71
-32
16
70
-33
16
70
-34
2
69
-27
2
70
-27
2
71
-27
2
72
-27
2
62
-35
2
63
-35
2
64
-35
2
65
-35
2
66
-35
2
67
-35
2
68
-35
2
69
-35
2
70
-35
2
71
-35
2
72
-35
2
73
-35
2
73
-27
1
76
-34
16
76
-32
16
76
-33
16
74
-34
16
75
-33
16
75
-34
16
71
-28
16
71
-29
16
71
-30
16
71
-31
2
74
-35
2
75
-35
2
76
-35
2
77
-35
2
77
-34
2
77
-33
2
77
-31
2
77
-30
2
77
-29
2
77
-28
2
77
-27
2
76
-27
2
75
-27
2
74
-27
16
76
-28
16
76
-29
16
76
-30
2
77
-32
16
76
-31
16
75
-28
16
74
-28
16
73
-28
16
72
-28
16
72
-29
16
72
-30
16
72
-31
12
72
-32
16
72
-33
16
71
-33
16
72
-34
16
71
-34
16
75
-31
16
75
-32
16
70
-32
16
74
-33
16
73
-33
16
73
-34
16
73
-31
16
73
-32
16
73
-30
16
73
-29
16
75
-29
16
75
-30
16
74
-30
16
74
-29
13
74
-31
16
74
-32
1000000
