9
0
-1
9
-1
-1
9
-2
-1
9
-2
0
9
-2
1
9
-2
2
9
-2
3
9
-2
4
9
-1
4
9
1
4
9
2
4
9
3
4
9
4
4
9
5
4
9
0
4
9
6
4
9
6
3
9
6
2
9
6
1
9
6
0
9
6
-1
9
1
-1
9
2
-1
9
3
-1
9
4
-1
9
4
-2
9
4
-3
9
4
-4
9
6
-2
9
6
-3
9
6
-4
9
3
-4
9
2
-4
9
1
-4
10
5
3
9
0
-5
9
0
-6
9
0
-4
9
7
-4
9
8
-4
9
9
-4
9
10
-4
9
10
-5
9
10
-6
9
10
-7
9
10
-8
9
10
-9
9
10
-10
9
10
-11
9
0
-7
9
0
-8
9
0
-10
9
0
-11
9
0
-9
9
11
-11
9
12
-11
9
13
-11
9
14
-11
9
14
-12
9
14
-13
9
14
-14
9
14
-15
9
14
-16
9
14
-17
9
14
-18
9
14
-19
9
15
-19
9
16
-19
9
-1
-11
9
-2
-11
9
-3
-11
9
-4
-11
9
-4
-12
9
-4
-13
9
-4
-14
9
-4
-15
9
-4
-16
9
-4
-17
9
-4
-18
9
-4
-19
9
17
-19
9
18
-19
9
18
-20
9
18
-21
9
18
-23
9
18
-24
9
18
-25
9
18
-22
3
1
-11
3
2
-11
3
3
-11
3
4
-11
3
5
-11
3
6
-11
3
13
-19
3
12
-19
3
10
-19
3
9
-19
3
8
-19
3
7
-19
3
11
-19
3
6
-19
3
5
-19
3
4
-19
3
3
-19
3
2
-19
3
1
-19
9
-5
-19
9
-6
-19
9
-7
-19
9
-8
-19
9
-8
-20
9
-8
-21
9
-8
-22
9
-8
-23
9
-8
-24
9
-8
-25
3
-7
-25
3
-6
-25
3
-5
-25
3
-4
-25
3
-3
-25
3
-2
-25
3
-1
-25
3
0
-25
3
1
-25
3
2
-25
3
3
-25
3
4
-25
3
5
-25
3
6
-25
3
7
-25
3
8
-25
3
9
-25
3
10
-25
3
11
-25
3
12
-25
3
13
-25
4
5
-7
4
5
-8
6
5
-14
6
5
-15
6
5
-16
4
5
-22
9
18
-26
9
18
-27
9
18
-28
9
18
-29
9
18
-30
9
18
-31
9
18
-32
9
-8
-32
9
-9
-32
9
-10
-32
9
-11
-32
9
-12
-32
8
16
-32
8
17
-32
8
15
-32
8
14
-32
9
-9
-25
9
-10
-25
9
-11
-25
9
-12
-25
8
13
-32
8
12
-32
8
11
-32
8
10
-32
8
9
-32
8
8
-32
8
7
-32
8
6
-32
8
4
-32
8
3
-32
8
2
-32
8
1
-32
8
0
-32
8
-2
-32
8
-5
-32
8
-6
-32
8
-7
-32
8
-1
-32
8
-3
-32
8
-4
-32
8
5
-32
9
-13
-25
9
-14
-25
9
-15
-25
9
-16
-25
9
-17
-25
9
-18
-26
9
-18
-28
9
-18
-29
9
-18
-31
9
-18
-32
9
-13
-32
9
-18
-25
9
-18
-30
9
-18
-27
9
-14
-32
9
-15
-32
10
-37
-28
9
-17
-32
8
7
-33
8
7
-34
8
7
-35
8
7
-36
4
-3
-35
4
-4
-35
4
-5
-35
4
-16
-35
4
-15
-35
4
-14
-35
4
-13
-35
4
-12
-35
4
-11
-35
4
-10
-35
4
-9
-35
4
-8
-35
4
-7
-35
4
-6
-35
4
-17
-35
3
-17
-36
3
-16
-36
3
-15
-36
3
-14
-36
3
-13
-36
3
-12
-36
3
-11
-36
3
-10
-36
3
-9
-36
3
-8
-36
3
-7
-36
3
-6
-36
3
-5
-36
3
-4
-36
3
-3
-36
8
7
-37
8
6
-38
8
6
-39
8
6
-40
9
-18
-33
9
-18
-34
9
-18
-35
9
-18
-36
9
-18
-37
9
-18
-38
9
-18
-39
9
-18
-40
9
-18
-41
9
-18
-42
9
-18
-43
9
-18
-44
9
-18
-45
9
-18
-61
9
-18
-60
9
-18
-59
9
-18
-58
9
-18
-57
9
-18
-56
9
-18
-55
9
-18
-54
9
-18
-53
9
-18
-52
9
-18
-51
9
-18
-50
9
-18
-49
9
-18
-48
9
-18
-47
9
-18
-46
9
-56
-25
9
-56
-26
9
-56
-27
9
-56
-28
9
-56
-29
9
-56
-30
9
-56
-31
9
-56
-32
9
-56
-33
9
-56
-34
9
-56
-35
9
-56
-36
9
-56
-37
9
-56
-38
9
-56
-39
9
-56
-40
9
-56
-41
9
-56
-42
9
-56
-43
9
-56
-44
9
-56
-45
9
-56
-46
9
-56
-47
9
-56
-48
9
-56
-49
9
-56
-50
9
-56
-51
9
-56
-52
9
-56
-53
9
-56
-54
9
-56
-55
9
-56
-56
9
-56
-57
9
-56
-58
9
-56
-59
9
-56
-60
9
-56
-61
9
-56
-62
9
-56
-63
9
-56
-64
9
-55
-64
9
-54
-64
9
-53
-64
9
-52
-64
9
-51
-64
9
-50
-64
9
-49
-64
9
-48
-64
9
-47
-64
9
-46
-64
9
-45
-64
9
-44
-64
9
-43
-64
9
-42
-64
9
-41
-64
9
-40
-64
9
-39
-64
9
-38
-64
9
-37
-64
9
-36
-64
9
-35
-64
9
-34
-64
9
-33
-64
9
-32
-64
9
-30
-64
9
-29
-64
9
-28
-64
9
-26
-64
9
-25
-64
9
-24
-64
9
-17
-64
9
-30
-21
8
5
-41
8
5
-42
8
5
-43
9
-23
-64
9
-21
-64
9
-20
-64
9
-19
-64
9
-18
-64
9
-27
-64
9
-31
-64
9
-22
-64
8
4
-44
8
4
-45
8
3
-46
8
2
-47
8
2
-48
8
1
-49
8
1
-50
8
0
-51
8
-1
-52
8
-1
-53
8
-2
-54
8
-3
-55
8
-4
-56
8
-5
-57
9
-29
-20
8
-6
-58
9
-28
-19
8
-7
-59
8
-8
-60
8
-9
-61
8
-10
-62
9
-27
-18
8
-11
-63
8
-12
-64
8
-13
-64
8
-14
-64
9
-26
-17
9
-30
-20
9
-30
-19
9
-29
-21
9
-28
-21
9
-27
-21
9
-30
-18
9
-25
-16
9
-24
-15
9
-19
-25
9
-20
-25
9
-21
-25
9
-22
-25
9
-23
-25
9
-24
-25
9
-25
-25
9
-26
-25
9
-27
-25
9
-28
-25
9
-29
-25
9
-30
-25
9
-31
-25
9
-32
-25
9
-33
-25
9
-34
-25
9
-35
-25
9
-36
-25
9
-37
-25
9
-38
-25
9
-39
-25
9
-40
-25
9
-41
-25
9
-42
-25
9
-43
-25
9
-44
-25
9
-45
-25
9
-46
-25
9
-47
-25
9
-48
-25
9
-49
-25
9
-50
-25
9
-51
-25
9
-52
-25
9
-53
-25
9
-54
-25
9
-55
-25
9
-15
-64
9
-16
-64
5
-19
-61
5
-20
-61
5
-21
-61
5
-22
-61
5
-23
-61
5
-24
-61
5
-26
-61
5
-27
-61
5
-28
-61
5
-30
-61
5
-31
-61
5
-32
-61
5
-29
-61
5
-25
-61
5
-53
-61
5
-52
-61
5
-51
-61
5
-50
-61
5
-49
-61
5
-48
-61
5
-47
-61
5
-46
-61
5
-45
-61
5
-44
-61
5
-43
-61
5
-42
-61
5
-41
-61
5
-40
-61
5
-39
-61
5
-38
-61
5
-37
-61
5
-36
-61
5
-35
-61
5
-34
-61
5
-33
-61
6
-55
-55
6
-54
-55
6
-53
-55
6
-52
-55
6
-51
-55
6
-50
-55
6
-49
-55
6
-48
-55
6
-47
-55
6
-46
-55
6
-45
-55
6
-44
-55
6
-43
-55
6
-42
-55
6
-41
-55
6
-40
-55
6
-39
-55
6
-38
-55
6
-37
-55
6
-36
-55
6
-35
-55
6
-34
-55
6
-33
-55
6
-32
-55
6
-30
-55
6
-28
-55
6
-27
-55
6
-31
-55
6
-29
-55
5
-32
-38
5
-55
-54
5
-54
-54
5
-53
-54
5
-52
-54
5
-51
-54
5
-50
-54
5
-49
-54
5
-48
-54
5
-47
-54
5
-46
-54
5
-45
-54
5
-44
-54
5
-43
-54
5
-42
-54
5
-41
-54
5
-39
-54
5
-38
-54
5
-36
-54
5
-34
-54
5
-32
-54
5
-30
-54
5
-28
-54
5
-27
-54
4
-27
-58
5
-29
-54
5
-31
-54
5
-33
-54
5
-35
-54
5
-37
-54
5
-40
-54
4
-26
-48
4
-25
-48
4
-24
-48
4
-23
-48
4
-22
-48
4
-21
-48
4
-19
-48
4
-20
-48
4
-28
-48
4
-30
-48
4
-32
-48
4
-34
-48
4
-37
-48
4
-39
-48
4
-42
-48
6
-45
-51
6
-34
-39
4
-44
-48
4
-43
-48
4
-41
-48
4
-40
-48
4
-36
-48
4
-35
-48
4
-38
-48
4
-33
-48
4
-29
-48
4
-27
-48
4
-31
-48
4
-45
-48
6
-33
-39
6
-32
-39
6
-36
-39
6
-37
-39
6
-38
-39
6
-39
-39
5
-45
-47
5
-44
-47
5
-43
-47
5
-42
-47
5
-41
-47
5
-40
-47
5
-39
-47
5
-38
-47
5
-36
-47
5
-34
-47
5
-33
-47
5
-31
-47
5
-29
-47
5
-26
-47
5
-24
-47
5
-23
-47
5
-21
-47
5
-20
-47
5
-19
-47
5
-22
-47
5
-27
-47
5
-28
-47
5
-30
-47
5
-32
-47
5
-37
-47
5
-35
-47
5
-25
-47
6
-42
-39
6
-44
-39
6
-46
-39
6
-48
-39
6
-50
-39
6
-52
-39
6
-54
-39
6
-55
-39
6
-53
-39
6
-51
-39
6
-49
-39
6
-47
-39
6
-45
-39
6
-43
-39
6
-41
-39
6
-40
-39
6
-35
-39
5
-33
-38
5
-34
-38
5
-35
-38
5
-36
-38
5
-37
-38
5
-38
-38
5
-39
-38
5
-40
-38
5
-41
-38
5
-42
-38
5
-43
-38
5
-44
-38
5
-45
-38
5
-46
-38
5
-47
-38
5
-48
-38
5
-50
-38
5
-51
-38
5
-53
-38
5
-54
-38
5
-55
-38
5
-52
-38
5
-49
-38
4
-32
-43
1
-48
-32
1000000
