16
0
-1
16
1
-1
16
1
0
16
1
1
16
1
2
16
0
2
16
-1
2
16
-1
1
16
-1
0
16
-1
-1
15
10
9
8
22
-2
8
21
-2
16
20
-1
8
19
-2
8
22
-1
8
19
-3
8
19
-4
8
19
-5
8
19
-6
8
19
-7
8
19
-8
8
19
-9
8
22
0
8
22
1
16
21
3
16
21
2
16
21
1
16
21
0
16
21
-1
8
22
2
16
19
-1
16
18
-1
16
21
4
16
17
-1
16
16
-1
8
22
3
8
22
4
8
22
5
8
22
6
8
22
7
8
22
8
8
22
9
2
23
-2
2
24
-2
2
25
-2
2
26
-2
2
27
-2
2
20
-9
2
21
-9
2
22
-9
2
23
-9
2
24
-9
2
25
-9
2
26
-9
2
27
-9
2
28
-2
2
28
-3
2
28
-4
2
28
-5
2
28
-6
2
28
-9
8
22
10
8
22
11
8
22
12
8
22
13
8
22
14
8
22
15
8
22
16
8
22
17
8
22
18
8
22
19
8
22
20
8
22
21
8
22
22
8
22
23
8
22
24
8
22
25
8
22
26
8
22
27
8
22
28
8
22
29
8
22
31
8
22
32
8
22
33
8
22
34
8
22
35
8
22
36
8
22
37
8
22
38
8
22
39
8
22
40
8
22
30
8
22
49
8
22
48
8
22
47
8
22
46
8
22
45
8
22
44
8
22
43
8
22
42
8
22
41
2
29
-6
2
30
-6
2
32
-6
2
31
-6
2
29
-9
2
30
-9
2
31
-9
2
32
-9
2
33
-6
2
34
-6
2
35
-6
2
36
-6
2
36
-7
2
36
-8
2
36
-9
2
36
-10
2
36
-11
2
36
-12
2
36
-13
2
36
-14
2
30
-14
2
30
-13
2
29
-13
2
28
-13
2
26
-10
2
26
-11
2
26
-12
2
26
-13
2
26
-14
2
30
-15
2
30
-16
2
30
-17
2
36
-15
2
36
-16
2
36
-17
2
30
-18
2
30
-19
2
36
-18
2
36
-19
8
31
-18
8
32
-18
8
33
-18
8
34
-18
8
35
-18
2
26
-15
2
26
-16
2
27
-16
2
28
-16
2
28
-17
2
28
-18
2
28
-19
2
28
-20
2
28
-21
2
28
-22
2
29
-22
2
30
-22
2
31
-22
2
35
-23
2
35
-24
2
31
-23
2
35
-22
2
36
-22
2
37
-22
2
38
-22
2
31
-24
2
38
-21
2
38
-20
2
38
-19
2
38
-18
2
38
-17
2
38
-16
2
38
-15
2
38
-14
2
38
-13
2
38
-12
2
38
-11
2
38
-10
2
38
-9
2
38
-8
2
38
-7
2
38
-6
2
36
-5
2
36
-4
2
36
-3
2
36
-2
2
36
-1
2
38
-5
2
38
-4
2
38
-3
2
38
-2
2
38
-1
2
39
-1
2
40
-1
2
40
0
2
40
1
2
40
2
2
40
3
2
40
4
2
40
5
2
39
5
2
38
5
2
37
5
2
36
5
2
35
5
2
34
5
2
34
4
2
34
3
2
34
2
2
34
1
2
34
0
2
34
-1
2
35
-1
1
37
2
1000000
