16
0
-1
16
-1
-1
9
1
-1
16
2
0
16
3
0
16
4
0
16
5
0
16
6
0
16
7
0
16
8
0
16
9
0
16
9
-1
16
10
-1
16
11
-1
16
12
-1
16
13
-1
16
14
-1
16
14
0
16
15
0
16
16
0
16
-1
1
16
-1
2
16
-1
3
16
-1
4
16
-1
5
16
0
5
16
0
6
16
0
7
16
0
8
16
1
8
16
2
8
16
3
8
16
4
8
16
5
8
16
6
8
16
7
8
16
8
8
16
9
8
16
10
8
16
11
8
16
12
8
11
14
6
11
14
5
16
13
9
16
14
9
16
16
-1
16
16
-2
16
15
-2
16
15
-3
16
15
-4
16
14
-4
16
13
-4
16
12
-5
16
11
-5
16
11
-6
16
10
-6
16
9
-6
16
8
-6
16
7
-6
16
6
-6
16
5
-6
16
4
-6
16
4
-7
16
3
-7
16
3
-8
16
2
-8
16
2
-9
2
-15
3
2
-15
2
2
-15
1
9
-16
1
2
-16
3
10
-3
-10
10
-3
-9
9
-4
-8
9
-4
-7
9
-4
-6
16
-4
-5
16
-5
-5
16
-5
-4
16
-5
-3
16
-5
-2
16
-5
-1
16
-5
0
16
-5
1
16
-5
2
16
-4
3
16
-4
4
16
-4
5
16
-3
5
16
-3
6
16
14
10
16
14
11
16
13
11
16
13
12
16
12
13
16
11
14
16
10
14
16
9
14
16
8
14
16
8
13
16
8
12
16
7
12
16
6
12
16
5
12
16
4
12
16
3
12
16
3
11
16
2
11
16
1
11
16
0
11
16
20
3
16
20
2
16
20
1
16
20
0
16
19
0
16
19
-1
16
19
-2
16
19
-3
16
19
-4
16
19
-5
16
18
-5
16
18
-6
16
18
-7
16
18
-8
16
18
-9
16
18
-10
16
17
-11
16
17
-12
16
17
-13
16
16
-13
16
15
-13
16
14
-13
16
13
-12
16
12
-12
16
12
-13
16
11
-13
16
10
-12
16
9
-12
16
8
-12
10
9
-10
16
8
-10
16
8
-11
16
7
-11
16
7
-12
16
6
-12
16
6
-13
11
14
1
11
4
-14
16
3
-14
16
2
-13
16
1
-13
16
0
-13
16
0
-14
16
-1
-14
16
-2
-14
16
-3
-14
16
-3
-13
16
-4
-13
16
-5
-13
16
-6
-12
16
-8
-12
16
-9
-11
16
-10
-10
16
-10
-9
16
-11
-8
16
-12
-8
16
-12
-7
16
-13
-7
16
-13
-6
2
-17
3
1
15
-1
2
-17
2
16
-13
-2
16
-11
0
16
-10
1
16
-10
0
16
-9
1
16
-8
1
16
-8
2
16
-8
3
16
-8
4
16
-7
4
16
-7
5
16
-7
6
16
-7
7
16
-8
7
16
-9
7
16
-10
7
16
-10
8
16
-10
9
16
-11
9
16
-11
10
2
-17
1
16
-13
-1
16
-12
-1
16
-11
11
16
-10
11
16
-9
11
16
-8
11
16
-7
11
16
-6
11
16
-5
11
16
-4
11
16
-3
11
16
-3
12
16
-3
13
16
-2
13
16
-2
14
16
-1
14
16
-1
13
16
-1
12
16
0
12
16
1
12
16
1
13
16
-7
-12
15
-16
2
10
17
0
10
18
0
10
-2
6
10
-1
6
10
-4
6
10
-5
6
10
-6
6
10
-3
-11
10
-3
-12
10
-13
-3
10
-13
-4
10
-13
-5
10
-12
-5
10
-12
-6
10
-11
-6
10
-11
-7
10
-10
-7
10
-10
-8
10
-9
-8
10
-9
-9
10
-8
-9
10
-8
-10
10
-8
-11
10
-7
-11
10
-6
-11
10
-5
-11
10
-5
-12
10
-4
-12
10
-2
-13
10
-1
-13
10
-2
-12
10
0
-12
10
1
-12
10
2
-12
10
-1
-12
10
3
-12
10
3
-13
10
4
-13
10
5
-13
10
5
-12
10
5
-11
10
6
-11
10
6
-10
10
7
-10
10
7
-9
10
8
-9
10
9
-9
10
11
-12
10
9
-11
10
10
-11
10
11
-11
10
12
-11
10
13
-11
10
14
-11
10
14
-12
10
15
-12
10
16
-12
10
16
-11
10
16
-10
10
17
-10
10
17
-8
10
17
-9
10
17
-7
10
17
-6
10
17
-5
10
17
-4
10
18
-4
10
18
-3
10
18
-2
10
18
-1
11
14
2
11
14
3
11
14
4
11
-14
-6
9
-5
-8
9
-6
-8
9
-5
-7
16
-4
-4
16
-3
-4
11
-14
-7
16
-3
-3
11
-14
-8
11
-13
-8
16
-1
0
16
-4
-1
16
-4
-2
16
-3
-2
16
-2
-3
16
-4
-3
9
-1
-3
9
0
-3
9
1
-3
9
2
-3
9
2
-2
9
3
-2
9
3
-1
16
1
0
9
2
-1
9
1
-2
9
0
-2
16
-1
-2
16
-2
-2
16
-2
-1
16
-3
-1
9
4
-1
9
5
-1
9
6
-1
9
7
-1
9
8
-1
9
8
-2
9
9
-2
9
10
-2
9
11
-2
9
12
-2
9
13
-2
9
14
-2
9
14
-3
9
13
-3
9
12
-3
9
11
-3
9
10
-3
9
9
-3
9
8
-3
9
7
-3
9
7
-2
9
6
-2
9
5
-2
9
4
-2
9
4
-3
9
3
-3
9
5
-3
9
6
-3
9
-7
-8
9
-2
-4
9
-1
-4
9
0
-4
9
-3
-5
9
-3
-6
9
-3
-7
9
-3
-8
9
-2
-8
9
-2
-9
9
-1
-9
9
0
-9
9
1
-9
9
1
-8
9
0
-8
9
-1
-8
9
-2
-7
9
-2
-6
9
-2
-5
9
-1
-5
9
0
-5
9
1
-4
9
2
-4
9
3
-4
9
4
-4
9
5
-4
9
7
-4
9
8
-4
9
9
-4
9
10
-4
9
11
-4
9
12
-4
9
6
-4
9
9
-5
9
10
-5
9
8
-5
9
6
-5
9
5
-5
9
4
-5
9
3
-5
9
7
-5
9
2
-5
9
1
-5
9
0
-6
9
-1
-6
9
-1
-7
9
0
-7
9
1
-6
9
2
-6
9
3
-6
9
2
-7
9
1
-7
11
-13
-9
11
-12
-9
11
-11
-9
11
-11
-10
11
-11
-11
11
-10
-11
11
-10
-12
11
-9
-12
11
-9
-13
11
-8
-13
11
-7
-13
11
-6
-13
11
-6
-14
11
-5
-14
11
-4
-14
11
-4
-15
11
-3
-15
11
-2
-15
11
-1
-15
11
0
-15
11
1
-15
11
1
-14
11
2
-15
11
2
-14
11
3
-15
11
4
-15
11
5
-14
11
6
-14
11
7
-14
11
7
-13
11
8
-13
11
9
-13
11
10
-13
11
10
-14
11
11
-14
11
12
-14
11
13
-14
11
13
-13
11
14
-14
11
15
-14
11
16
-14
11
17
-14
11
18
-14
11
18
-13
11
18
-12
11
18
-11
11
-15
-6
11
-17
-6
11
-18
-6
11
-19
-6
11
-16
-6
1000000
