1
93
4
2
0
-1
2
1
-1
2
2
-1
2
2
0
2
2
1
2
2
2
2
-1
-1
2
-2
-1
2
-2
-2
2
-1
-2
2
0
-2
2
1
-2
2
2
-2
2
-5
-5
2
-5
-4
2
-5
-3
2
-5
-2
2
-5
-1
2
-5
0
2
-5
1
2
-5
2
2
-5
3
2
-5
4
2
-5
5
2
-5
6
2
-5
7
2
-5
8
2
2
3
2
1
3
2
0
3
2
-1
3
2
-2
3
2
-5
9
2
-5
10
2
-5
11
2
-5
12
2
-5
13
2
-5
14
2
-5
15
2
-5
16
2
-4
16
2
-3
16
2
-2
16
2
-1
16
2
0
16
2
1
16
2
2
16
2
3
16
2
4
16
2
5
16
2
6
16
2
7
16
2
8
16
2
9
16
2
10
16
2
11
16
2
-5
-6
2
-5
-7
2
-4
-7
2
-3
-7
2
-2
-7
2
0
-7
2
1
-7
2
2
-7
2
3
-7
2
4
-7
2
-1
-7
2
5
-7
2
6
-7
2
7
-7
2
8
-7
2
10
-6
2
10
-5
2
10
-4
2
10
-7
2
9
-7
2
10
-3
2
10
-2
2
10
-1
2
11
-1
2
12
-1
2
12
16
2
12
15
2
12
14
2
12
13
2
12
12
2
12
10
2
12
9
2
12
8
2
12
11
2
12
7
2
12
6
15
-1
12
16
12
5
16
12
4
16
12
3
16
12
2
16
12
1
16
12
0
8
2
9
13
2
12
13
5
9
18
11
6
17
58
5
18
55
-1
18
54
-1
18
53
-1
18
52
-1
18
13
6
18
13
7
18
14
7
18
14
8
18
14
9
18
14
10
18
14
11
18
14
12
18
14
13
18
14
14
18
14
15
18
14
16
18
15
17
18
16
17
18
17
17
18
18
17
18
19
17
18
25
5
18
14
17
18
26
5
18
27
5
18
28
5
18
18
-1
10
35
10
18
13
-1
18
14
-1
18
15
-1
18
16
-1
18
17
-1
1000000
