2
-3
-1
2
-2
-1
2
-1
-1
2
0
-1
2
1
-1
2
2
-1
2
-16
14
2
3
1
2
-4
-1
2
-5
-1
2
-6
-1
2
-7
-1
2
-9
-1
2
4
1
2
5
1
2
6
1
2
-3
6
2
-3
7
2
-10
-1
2
-3
8
2
-4
8
2
-5
8
2
-6
8
2
-7
8
2
-7
9
2
-7
10
2
-7
11
2
-7
12
2
-7
13
2
-7
14
2
7
1
2
7
2
2
7
3
2
7
4
2
7
5
2
7
6
2
7
7
2
7
8
2
7
9
2
7
10
2
7
11
2
7
12
2
-6
14
2
-5
14
2
-4
14
2
2
10
2
2
6
2
1
6
2
6
4
2
0
6
2
-1
6
2
-2
6
2
6
3
2
3
10
2
4
10
2
5
10
2
6
10
2
-3
14
2
-2
14
2
-1
14
2
0
14
2
1
14
2
2
14
2
3
14
2
10
12
2
8
12
2
9
12
2
10
13
2
10
14
2
10
15
2
10
16
2
10
17
2
9
17
2
8
17
2
7
17
2
7
18
2
6
18
2
5
18
2
4
18
2
3
18
2
2
18
2
1
18
2
0
18
2
-1
18
2
-2
18
2
-3
18
2
-3
19
2
-3
20
2
-3
21
2
-3
22
2
-4
22
2
-5
22
2
-6
22
2
-7
22
2
-8
22
2
-9
22
2
-10
22
2
-11
22
2
-12
22
2
-13
22
2
-14
22
2
-15
22
2
-15
21
2
-15
20
2
-15
19
2
-15
18
2
-16
18
2
-17
18
2
-18
18
2
-19
18
2
-20
18
2
-11
14
2
-11
13
2
-11
12
2
-11
11
2
-11
10
2
-11
9
2
-11
8
2
-12
8
2
-13
8
2
-14
8
2
-12
14
2
-13
14
2
-14
14
2
-15
14
2
-15
8
2
-11
-1
2
-8
-1
2
-13
-1
2
-14
-1
2
-20
7
2
-20
6
2
-20
5
2
-20
4
2
-20
3
2
-20
2
2
-20
1
2
-20
0
2
-15
-1
2
-12
-1
2
-20
17
2
-20
16
2
-20
15
2
-20
14
2
-20
13
2
-20
12
2
-20
11
2
-20
10
2
-20
9
2
-20
8
2
-16
8
2
-17
8
2
-20
-1
2
-19
-1
2
-18
-1
2
-17
-1
2
-16
-1
1
-14
11
2
6
2
2
5
2
2
4
2
2
2
1
2
2
0
1000000
