9
0
-13
10
-10
2
8
-12
6
8
-11
6
8
-10
6
13
-1
-13
9
-5
2
13
-1
-12
13
-1
-11
13
-1
-10
13
-1
-9
9
1
-13
9
2
-13
9
3
-13
9
4
-13
9
5
-13
9
6
-13
9
7
-13
9
8
-13
13
9
-13
2
5
-10
2
5
-9
2
5
-8
2
5
-7
2
5
-6
2
5
-5
2
5
-4
2
5
-3
13
-1
-8
2
5
-2
2
5
-1
2
5
0
2
5
1
2
5
2
2
4
2
2
3
2
2
2
2
2
1
2
2
0
2
13
-1
-7
13
-1
-6
13
-1
-5
13
-1
-4
13
-1
-3
13
-1
-2
13
-1
-1
13
-1
0
13
-1
1
2
-1
2
9
-6
2
10
-9
1
2
-2
2
2
-3
2
2
-4
2
9
-7
2
9
-8
2
9
-9
2
1
0
15
10
-8
1
12
-4
1
2
-7
-8
2
-2
1
2
-2
0
9
-9
-4
16
-10
1
16
-10
0
16
-10
-1
16
-10
-2
16
-10
-3
16
-10
-4
12
-3
-5
9
-8
-13
9
-7
-13
9
-6
-13
9
-5
-13
9
-4
-13
9
-3
-13
9
-2
-13
8
-14
1
9
-5
-4
9
-6
-4
9
-7
-4
9
-8
-4
18
-13
3
2
-2
-1
16
-13
0
16
-13
-1
16
-13
-2
16
-13
-3
16
-13
-4
2
-13
-5
16
-13
-6
16
-13
-7
16
-13
-8
16
-13
-9
16
-13
-10
16
-13
-11
16
-13
1
16
-13
2
16
-13
-12
16
-13
-13
2
-2
-2
2
-14
-13
2
-15
-13
2
-16
-13
2
-17
-13
18
-13
4
18
-13
5
18
-13
6
18
-13
7
18
-13
8
18
-13
9
18
-13
10
18
-13
11
18
-13
12
18
-13
13
18
-13
14
18
-13
15
2
-18
-13
2
-19
-13
2
-20
-13
2
-2
-3
2
-2
-4
2
-2
-5
2
-2
-6
2
-2
-8
2
-2
-9
2
-2
-10
2
-2
-11
2
-2
-12
2
-2
-7
15
-3
1
12
-3
-6
8
-9
6
8
-8
6
8
-7
6
8
-6
6
8
-5
6
8
-4
6
8
-3
6
8
-2
6
8
-1
6
8
0
6
8
1
6
8
2
6
8
3
6
8
4
6
8
5
6
8
6
6
8
7
6
8
8
6
8
9
6
8
11
6
8
12
6
8
13
6
8
14
6
8
10
6
8
15
6
8
16
6
8
17
6
8
18
6
8
19
6
8
20
6
12
-3
-7
12
-3
-8
12
-3
-9
8
-14
-6
12
-3
-10
12
-3
-11
12
-3
-12
2
-3
-4
10
-7
1
2
-14
-5
2
-14
2
2
-20
-2
2
-20
-3
2
-20
-4
2
-20
-5
2
-20
-7
2
-20
-9
2
-20
-10
2
-20
-12
2
-20
-11
2
-20
-8
2
-20
-6
2
-18
1
2
-18
2
2
-18
3
2
-18
4
2
-18
5
2
-18
6
2
-18
7
2
-18
8
2
-18
9
2
-18
10
2
-17
10
2
-16
10
2
-15
10
2
-14
10
17
-10
15
10
-5
-1
9
-9
10
10
0
14
1000000
