16
0
-1
15
0
-4
8
1
0
8
-1
0
8
1
1
8
1
2
8
0
2
8
-1
2
8
-1
1
8
-1
-1
8
-1
-2
8
-1
-3
8
-1
-4
14
1
-4
14
2
-4
14
3
-4
14
4
-4
8
1
-1
14
5
-4
14
6
-4
8
2
-1
8
3
-1
8
4
-1
8
5
-1
8
6
-1
9
8
-1
8
7
-1
9
8
-2
9
8
-3
9
8
-4
13
6
-5
16
6
-6
16
6
-7
14
6
-8
13
8
-5
8
8
-6
8
8
-7
8
8
-8
14
5
-8
14
4
-8
18
7
-4
8
7
-9
8
6
-9
8
8
-9
18
7
-8
17
13
-4
15
13
-3
8
5
-5
8
4
-5
8
3
-5
8
2
-5
8
1
-5
8
0
-5
13
-1
-5
14
3
-8
14
2
-8
14
1
-8
14
0
-8
14
-1
-8
14
-2
-8
14
-3
-8
13
-4
-8
8
-4
-9
8
-3
-9
8
-2
-9
8
-1
-9
8
0
-9
8
1
-9
8
2
-9
8
3
-9
8
4
-9
8
5
-9
10
-11
2
7
-10
-12
7
-11
-12
7
-12
-12
16
-21
-7
16
-21
-6
16
-21
-5
9
-18
-8
9
-19
-8
9
-20
-8
9
-21
-8
9
-22
-8
9
-23
-8
9
-24
-8
9
-25
-8
9
-26
-8
9
-27
-8
16
-21
-4
16
-22
-4
16
-23
-4
16
-24
-4
16
-25
-4
16
-25
-5
16
-25
-6
16
-25
-7
1
-23
-6
9
-28
-8
7
-13
-12
7
-9
-12
1000000
