14
0
-1
14
-1
-1
14
-2
-1
2
-4
0
14
-4
-1
14
-3
-1
14
-4
1
14
-4
2
14
-4
3
14
-4
4
14
-4
5
14
-4
6
14
-4
7
14
-3
7
14
-2
7
14
-1
7
14
0
7
14
1
7
14
2
7
14
3
7
14
4
7
14
5
7
14
5
6
14
5
5
14
5
3
14
5
2
14
5
1
14
1
-1
14
5
4
14
2
-1
13
3
-1
14
6
0
14
4
-2
14
3
-2
14
6
1
14
7
0
9
7
-1
14
8
-1
9
8
-2
14
4
-3
14
5
-3
14
5
-4
14
6
-4
14
6
-5
14
7
-5
14
8
-5
14
9
-5
14
10
-5
14
11
-5
14
12
-5
9
9
-2
13
10
-2
14
12
-4
14
12
-3
14
12
-2
14
12
-1
14
12
0
14
12
1
14
10
-1
14
10
0
14
10
1
14
10
2
14
10
3
14
10
4
14
11
4
14
12
4
14
13
4
14
14
4
14
15
4
14
16
4
14
17
4
14
18
4
14
13
1
14
14
1
14
15
1
14
16
1
14
17
1
14
18
1
9
19
4
9
20
4
9
21
4
9
22
4
9
23
4
9
24
4
9
25
4
9
27
4
9
26
4
9
19
1
9
20
1
9
21
1
9
22
1
9
23
1
9
24
1
9
25
1
9
26
1
9
27
1
11
28
4
11
29
4
11
30
4
11
31
4
11
32
4
11
33
4
11
34
4
11
35
4
11
36
4
11
37
4
11
38
4
11
39
4
11
40
4
11
41
4
9
28
1
9
29
1
9
30
1
9
41
1
9
41
0
9
41
-1
9
41
-2
9
42
1
9
43
1
9
44
1
9
45
1
9
46
1
9
47
1
9
48
1
9
41
-3
9
41
-4
9
41
-5
9
41
-6
9
41
-7
9
49
1
9
50
1
9
51
1
9
52
1
11
42
4
11
43
4
11
44
4
11
45
4
11
46
4
11
47
4
9
48
4
9
49
4
9
50
4
9
51
4
9
52
4
14
53
4
14
54
4
14
55
4
14
56
4
14
57
4
14
58
4
14
59
4
14
60
4
14
53
1
14
54
1
14
55
1
14
56
1
14
57
1
14
58
1
14
59
1
14
60
1
14
61
1
14
61
4
14
62
4
14
63
4
14
63
3
14
63
2
14
63
1
14
63
0
14
61
0
14
61
-1
14
61
-2
14
61
-3
14
62
-3
14
63
-3
14
64
-3
14
65
-3
14
66
-3
14
64
0
14
66
0
14
67
0
14
68
0
14
65
0
14
67
-3
14
68
-3
5
62
1
14
78
13
14
78
12
14
71
0
14
72
0
14
73
0
14
74
0
14
78
11
14
78
10
14
69
-3
14
70
-3
14
71
-3
14
72
-3
14
74
-3
14
75
-3
14
76
-3
14
77
-3
14
78
9
14
73
-3
14
78
8
14
78
7
14
78
6
14
78
5
14
71
1
14
71
2
14
71
3
14
68
1
14
68
2
14
68
3
14
68
4
14
68
5
14
68
6
14
68
7
14
68
9
14
68
10
14
68
12
14
68
13
14
68
11
14
68
8
14
71
4
14
71
5
14
71
6
14
71
7
14
71
8
14
71
9
14
71
10
14
71
11
14
71
12
14
71
13
14
78
4
14
78
3
14
78
2
14
78
1
14
78
0
14
78
-1
14
78
-2
14
78
-3
3
77
0
3
76
0
3
76
2
3
77
2
3
77
4
3
76
4
3
76
6
3
77
6
3
77
8
3
76
8
3
76
10
3
77
10
1
73
2
14
75
0
14
75
1
14
75
2
14
75
3
14
75
4
14
75
5
14
75
6
14
75
7
14
75
8
14
75
9
14
75
10
14
75
11
14
75
12
14
75
13
3
77
12
3
76
12
3
70
0
3
69
0
3
69
2
3
70
2
3
70
4
3
69
4
3
69
6
3
70
6
3
70
8
3
69
8
3
69
10
3
70
10
3
70
12
3
69
12
3
76
14
3
77
14
3
77
16
3
76
16
3
76
18
3
77
18
3
77
20
3
76
20
3
76
22
3
77
22
3
70
22
3
69
22
3
69
20
3
70
20
3
70
18
3
69
18
3
69
16
3
70
16
3
70
14
3
69
14
3
77
24
3
76
24
3
70
24
3
69
24
3
69
26
3
70
26
3
76
26
3
77
26
3
77
28
3
76
28
3
70
28
3
69
28
14
75
14
14
75
15
14
75
16
14
75
17
14
75
18
14
75
19
14
75
20
14
75
21
14
75
22
14
75
23
14
75
24
14
75
25
14
75
26
14
75
27
14
75
28
14
71
14
14
71
15
14
71
16
14
71
17
14
71
18
14
71
19
14
71
20
14
71
21
14
71
22
14
71
23
14
71
24
14
71
26
14
71
27
14
71
28
14
71
25
14
78
14
14
78
15
14
78
16
14
78
17
14
78
18
14
78
19
14
78
20
14
78
21
14
78
22
14
78
23
14
78
24
14
78
26
14
78
27
14
79
27
14
78
25
14
75
29
14
75
30
14
75
31
14
76
31
14
77
31
14
78
31
14
79
31
14
80
31
14
81
31
14
80
27
14
81
27
14
82
27
14
83
27
14
84
27
14
85
27
14
86
27
14
87
27
14
88
27
14
82
31
14
83
31
14
84
31
14
85
31
14
86
31
14
87
31
14
88
31
14
89
31
14
89
27
4
76
30
4
77
30
4
78
30
4
79
30
4
80
30
4
81
30
4
82
30
4
83
30
4
84
30
4
85
30
4
86
30
4
87
30
3
117
28
3
118
28
3
78
28
3
79
28
3
80
28
3
81
28
3
82
28
3
84
28
3
85
28
3
86
28
3
83
28
3
87
28
3
88
28
3
89
28
3
90
28
3
91
28
3
92
28
3
93
28
3
94
28
3
95
28
3
96
28
3
119
28
3
120
28
3
121
28
3
122
28
3
123
28
3
124
28
3
125
28
3
126
28
3
127
28
3
128
28
14
90
31
14
91
31
14
92
31
14
93
31
14
94
31
14
96
31
14
97
31
14
98
31
14
99
31
14
100
31
14
95
31
14
90
27
14
91
27
14
92
27
14
93
27
14
94
27
14
95
27
14
96
27
14
97
27
9
98
27
9
99
27
9
100
27
9
101
27
9
102
27
9
103
27
9
104
27
9
105
27
9
106
27
9
107
27
9
108
27
9
109
27
9
110
27
9
111
27
9
112
27
3
129
28
3
130
28
3
131
28
9
101
31
9
102
31
9
104
31
9
106
31
9
107
31
9
108
31
9
109
31
9
110
31
9
111
31
9
105
31
9
103
31
9
112
31
9
113
31
9
114
31
9
115
31
9
116
31
9
117
31
9
118
31
9
119
31
9
120
31
9
121
31
9
122
31
9
123
31
9
124
31
9
125
31
9
126
31
9
127
31
9
128
31
9
129
31
9
130
31
3
97
28
3
98
28
3
99
28
3
100
28
3
101
28
3
102
28
3
103
28
3
104
28
3
105
28
3
106
28
3
107
28
3
108
28
3
109
28
3
110
28
3
111
28
3
112
28
3
113
28
3
114
28
3
115
28
3
116
28
3
132
28
3
133
28
3
134
28
3
135
28
3
161
28
3
162
28
3
163
28
3
164
28
3
165
28
3
166
28
3
167
28
3
168
28
3
169
28
3
170
28
3
171
28
8
144
27
8
145
27
8
146
27
8
147
27
8
148
27
8
149
27
8
150
27
8
151
27
8
152
27
8
153
27
8
154
27
3
136
28
3
137
28
3
138
28
3
139
28
3
140
28
3
141
28
3
142
28
3
172
28
3
173
28
3
174
28
3
175
28
3
176
28
8
162
27
8
163
27
8
164
27
8
165
27
3
143
28
3
144
28
3
145
28
3
146
28
3
147
28
3
148
28
3
149
28
3
150
28
3
151
28
3
152
28
3
153
28
3
154
28
3
155
28
3
157
28
3
158
28
3
159
28
3
160
28
3
156
28
8
166
27
8
167
27
8
168
27
8
169
27
8
170
27
8
171
27
8
172
27
8
173
27
8
174
27
8
175
27
8
176
27
8
177
27
8
178
27
8
179
27
3
177
28
3
178
28
3
179
28
3
180
28
3
181
28
8
161
27
8
160
27
8
159
27
8
158
27
8
157
27
8
156
27
8
155
27
3
182
28
3
183
28
3
184
28
3
185
28
4
154
30
4
155
30
4
156
30
4
157
30
4
158
30
4
159
30
4
160
30
9
9
-1
3
186
28
3
187
28
3
188
28
3
189
28
3
190
28
3
191
28
4
161
30
4
162
30
4
163
30
4
164
30
4
166
30
4
167
30
4
168
30
4
169
30
4
165
30
4
170
30
4
171
30
4
172
30
4
173
30
4
174
30
4
175
30
4
176
30
4
177
30
4
178
30
4
179
30
4
180
30
4
181
30
4
182
30
4
183
30
4
184
30
4
185
30
3
191
30
3
192
29
3
192
30
3
192
31
3
191
29
3
190
29
3
192
32
3
193
32
3
193
33
3
193
34
6
195
39
6
195
40
6
194
35
6
194
36
6
194
37
6
194
38
6
194
39
6
194
40
6
194
41
6
193
41
6
193
42
6
192
42
6
195
38
6
193
38
6
193
39
6
192
40
6
192
41
6
191
42
6
190
42
6
189
43
6
191
41
6
190
41
6
189
42
6
190
43
6
191
43
6
189
41
6
193
40
6
188
42
6
187
42
6
186
42
6
188
43
7
175
31
7
174
31
7
173
31
7
172
31
7
171
31
7
170
31
7
169
31
7
168
31
7
167
31
7
166
31
7
165
31
7
164
31
7
163
31
7
162
31
7
154
36
7
153
36
7
152
36
7
151
36
7
150
36
7
149
36
7
148
36
7
147
36
7
146
36
7
145
36
7
144
36
7
143
36
7
142
36
7
141
36
6
193
31
6
194
33
6
194
34
6
195
37
6
195
36
6
195
35
6
194
32
6
193
30
3
135
31
3
135
32
3
135
33
3
135
34
3
135
35
3
135
36
3
135
37
3
135
38
3
135
39
3
135
40
3
135
41
3
135
42
14
68
14
14
68
15
14
68
16
14
68
17
14
68
18
14
68
19
14
68
20
14
68
21
14
68
22
14
68
23
14
68
24
14
68
25
14
68
26
14
68
27
14
68
28
14
68
29
14
68
30
14
68
31
14
68
32
14
68
33
14
68
34
14
68
35
14
68
36
14
68
37
14
68
38
14
68
39
14
71
29
14
71
30
14
71
31
14
71
33
14
71
34
14
71
32
14
71
35
14
71
36
14
71
37
14
71
38
14
71
39
3
69
30
3
70
30
3
70
32
3
69
32
3
69
34
3
70
34
3
70
36
3
69
36
3
69
38
3
70
38
14
68
41
14
68
42
14
68
40
14
68
43
14
68
44
14
68
45
14
68
46
14
68
47
14
68
56
14
68
55
14
68
54
14
68
53
14
68
52
14
68
51
14
68
50
14
68
49
14
68
48
14
71
56
14
71
55
14
71
54
14
71
53
14
71
52
14
71
51
14
71
50
14
71
49
14
71
48
14
71
47
14
71
46
14
71
45
14
71
44
14
71
43
14
71
42
14
71
41
14
71
40
3
70
40
3
69
40
3
70
42
3
69
42
3
70
44
3
69
44
3
69
46
3
70
46
3
70
48
3
69
48
3
69
50
3
70
50
3
70
52
3
69
52
3
69
54
3
70
54
3
70
56
4
69
56
9
71
57
9
71
58
9
71
59
9
71
60
9
71
61
9
71
62
9
71
63
9
71
64
9
71
65
9
71
66
9
68
77
9
68
78
8
68
79
8
68
80
3
70
58
3
69
58
3
70
60
3
69
60
3
70
62
3
69
62
3
70
64
3
70
66
3
70
68
3
70
70
8
69
69
8
69
70
8
69
71
8
69
72
8
69
73
8
68
81
8
68
82
8
68
83
8
68
84
8
68
85
8
68
86
3
70
72
3
70
74
6
70
76
3
69
78
3
70
78
3
69
80
3
69
82
8
68
87
8
70
81
8
70
83
8
70
82
8
70
86
8
70
85
8
70
84
3
69
84
3
69
86
3
69
88
3
69
90
3
69
92
8
68
88
8
68
89
8
70
89
8
70
88
8
70
87
3
69
94
3
69
96
3
69
98
4
69
100
4
70
102
9
81
104
9
81
105
9
81
106
3
80
111
3
80
113
3
80
115
6
80
117
6
79
119
9
68
120
9
81
103
3
80
103
3
80
105
3
80
107
3
80
109
9
68
121
9
68
122
9
68
123
3
69
120
3
69
122
3
69
124
4
69
126
4
70
128
9
89
119
9
89
120
3
88
123
3
88
125
4
88
127
9
89
118
9
89
117
3
88
117
3
88
119
3
88
121
4
89
129
5
158
31
5
159
31
5
160
31
5
161
31
9
122
43
9
123
43
9
121
43
9
120
43
9
119
43
9
118
43
9
117
43
9
116
43
9
114
43
9
113
43
9
115
43
9
113
44
9
113
45
9
113
46
9
113
47
9
113
48
9
113
49
9
113
50
9
113
51
9
113
52
9
113
53
9
113
54
9
113
55
9
113
56
9
112
56
9
111
56
9
110
56
9
109
56
9
108
56
9
107
56
9
106
56
9
105
56
9
104
56
9
103
56
9
102
56
9
101
56
9
100
56
9
99
56
9
98
56
9
97
56
9
96
56
9
95
56
9
94
56
9
93
56
9
92
56
9
91
56
9
90
56
9
89
56
9
87
56
9
86
56
9
84
56
9
83
56
9
88
56
9
85
56
9
82
56
9
81
56
9
79
56
9
77
56
9
76
56
9
75
56
9
73
56
9
72
56
9
80
56
9
78
56
9
74
56
6
123
42
6
123
41
6
123
40
6
123
39
6
123
38
6
123
37
6
123
36
6
123
35
6
123
34
6
123
33
6
123
32
16
74
28
16
73
28
16
72
28
13
74
40
14
75
40
14
76
40
14
77
40
14
78
40
14
79
40
14
79
42
14
79
44
14
79
45
15
75
45
14
79
41
14
79
46
14
79
43
14
79
47
14
79
48
14
79
49
14
79
50
14
79
51
14
79
52
14
79
53
14
79
54
14
79
55
14
81
32
14
81
34
14
81
35
14
81
33
14
81
36
14
81
38
14
81
39
14
81
40
14
81
42
14
81
44
14
81
46
14
81
49
14
81
51
14
81
52
16
81
53
14
81
50
14
81
47
14
81
48
14
81
45
14
81
43
14
81
41
14
81
37
16
81
55
16
81
54
16
113
42
16
113
41
16
113
40
16
113
39
16
113
38
16
113
37
16
113
36
16
113
35
16
113
34
16
113
33
16
113
32
15
110
37
9
112
43
9
110
43
9
109
43
9
111
43
9
108
43
9
107
43
9
106
43
9
105
43
9
104
43
14
104
42
14
104
41
14
104
40
14
104
39
14
104
38
14
104
37
14
104
36
16
104
35
16
104
34
16
104
33
16
104
32
14
103
36
14
103
35
14
102
35
14
101
35
14
101
34
14
100
34
14
99
34
14
98
34
14
97
34
14
96
34
14
95
34
14
94
34
14
93
34
14
92
34
14
91
34
14
90
34
14
89
34
14
88
34
14
87
34
14
86
34
14
85
34
14
84
34
14
83
34
3
82
32
3
82
33
3
82
34
3
82
35
3
82
36
3
82
37
3
82
38
3
82
39
3
82
40
3
82
41
3
82
42
3
82
43
3
82
44
3
82
45
3
82
46
3
82
47
3
82
48
3
82
49
4
82
50
2
87
50
2
88
50
2
89
50
2
86
50
2
85
50
3
89
54
3
88
54
3
87
54
3
86
54
3
85
54
3
84
54
3
83
54
6
89
55
6
88
55
6
87
55
6
86
55
6
85
55
6
84
55
6
83
55
6
82
55
2
85
49
2
85
48
2
85
47
2
85
46
2
85
45
2
85
44
2
85
43
2
85
42
2
85
41
2
85
39
2
85
38
2
85
37
2
85
36
2
86
36
2
85
40
3
133
27
3
134
27
3
135
27
3
136
27
3
137
27
3
138
27
3
139
27
3
140
27
3
135
26
3
136
26
3
137
26
3
139
26
3
140
26
3
138
26
3
141
27
3
138
25
3
139
25
5
84
53
5
85
53
2
90
55
2
90
54
2
91
55
2
90
53
2
91
53
2
92
53
2
92
52
2
92
51
2
92
50
2
92
49
2
92
48
2
92
47
2
92
46
2
92
45
2
92
44
2
92
43
2
89
49
2
89
48
2
89
47
2
89
45
2
89
44
2
89
46
2
89
43
2
89
42
2
89
41
2
89
40
2
90
40
2
91
40
2
92
40
2
93
40
2
94
40
2
95
40
2
96
40
2
97
40
2
93
43
2
94
43
2
95
43
2
95
44
2
95
45
2
95
46
2
95
47
2
95
48
2
95
49
2
95
50
2
95
51
2
95
52
2
95
53
2
96
53
2
98
53
2
99
53
2
92
55
2
93
55
2
97
53
2
94
55
2
95
55
2
96
55
2
97
55
2
98
55
2
99
55
2
100
55
2
101
55
2
102
55
2
102
54
2
102
53
2
101
53
2
100
53
2
98
40
2
98
41
2
98
42
2
98
43
2
98
44
2
98
45
2
98
46
2
98
48
2
98
49
2
98
47
2
98
50
2
99
50
2
100
50
2
101
50
2
102
50
2
102
49
2
102
48
2
102
47
2
102
46
2
102
45
2
102
44
2
102
43
2
102
42
2
102
41
2
102
40
2
102
39
2
102
38
2
102
37
2
102
36
2
101
36
2
100
36
2
99
36
2
98
36
2
87
36
2
88
36
2
89
36
2
90
36
2
91
36
2
92
36
2
93
36
2
94
36
2
95
36
2
96
36
2
97
36
8
104
53
8
104
54
8
105
54
8
106
54
8
107
54
8
108
54
8
109
54
8
104
48
8
105
48
8
106
48
8
107
48
8
108
48
15
107
51
8
109
48
8
110
48
8
110
54
8
110
53
8
110
52
8
110
51
8
110
50
8
110
49
8
104
50
8
104
49
1000000
