11
7
8
10
14
14
2
-1
-1
2
0
-1
2
1
-1
2
17
13
2
18
13
2
19
13
2
19
12
2
19
11
2
19
10
2
19
9
2
19
8
2
19
7
2
19
6
2
19
5
2
19
4
2
19
3
2
19
2
2
19
1
2
19
0
2
19
-1
2
19
-2
2
19
-3
2
19
-4
2
19
-5
2
19
-6
2
19
-7
2
19
-8
2
19
-9
2
19
-10
2
19
-11
2
19
-12
2
19
-13
2
19
-14
2
18
-14
2
17
-14
2
16
-14
2
15
-14
10
9
-5
9
7
-8
8
17
8
8
17
7
8
17
6
8
17
5
8
17
4
8
17
3
8
17
2
8
17
1
8
17
0
8
17
-1
8
17
-2
8
17
-3
8
17
-5
8
17
-6
8
17
-7
8
17
-8
8
17
-4
8
17
-9
8
17
-10
8
17
-11
9
6
-8
9
5
-8
8
2
-1
8
3
-1
8
4
-1
8
5
-1
8
6
-1
8
7
-1
8
8
-1
8
9
-1
8
10
-1
8
11
-1
8
12
-1
8
13
-1
8
14
-1
8
15
-1
8
16
-1
8
-1
0
8
-1
1
8
-1
2
8
-1
3
8
-1
4
2
-2
5
2
-2
6
2
-2
7
2
-2
8
2
-2
9
2
-2
10
2
-2
11
2
-2
12
2
-2
14
2
-2
15
2
-2
13
8
-15
-13
6
-1
-4
6
-1
-5
6
-1
-6
6
-1
-7
6
0
-7
6
1
-7
6
1
-6
6
1
-5
6
1
-4
6
0
-4
6
0
-5
6
0
-6
2
2
-9
2
2
-10
2
2
-11
2
2
-12
14
-2
-13
14
-1
-13
14
0
-13
14
1
-13
8
-3
-13
8
-4
-13
8
-5
-13
8
-6
-13
8
-7
-13
8
-8
-13
8
-9
-13
11
-9
-3
8
-10
-13
8
-11
-13
8
-12
-13
8
-13
-13
8
-14
-13
8
-16
-13
8
-17
-13
8
-17
-12
8
-17
-11
8
-17
-10
8
-17
-9
8
-17
-8
8
-17
-7
8
-17
-6
8
-17
-5
8
-17
-4
8
-17
-3
8
-17
-2
8
-17
-1
8
-17
0
8
-17
1
8
-17
2
8
-17
3
8
-17
4
8
-17
5
8
-17
6
8
-17
7
8
-17
8
7
-2
0
7
-2
1
7
-2
2
7
-2
3
7
-2
4
7
-16
-10
7
-16
-9
7
-16
-8
7
-16
-7
7
-16
-6
7
-16
-5
7
-16
-4
7
-16
-12
7
-16
-11
7
-16
-3
7
-16
-1
7
-16
0
7
-16
1
7
-16
-2
7
-16
2
7
-16
3
7
-16
4
7
-16
5
7
-16
6
7
-16
7
8
-16
8
2
-5
4
2
-6
4
13
-7
4
2
-4
4
2
-3
4
10
-13
15
2
-20
14
2
-20
13
2
-20
12
2
-20
11
2
-20
10
2
-20
9
2
-20
8
2
-20
7
2
-20
6
2
-20
5
2
-20
4
2
-20
3
2
-20
2
2
-20
1
2
-20
0
2
-20
-1
2
-20
-2
2
-20
-3
2
-20
-4
2
-20
-6
2
-20
-7
2
-20
-8
2
-20
-9
2
-20
-5
2
-20
-10
2
-20
-11
2
-20
-12
2
-20
-13
8
-19
-13
8
-18
-13
1
-19
-10
4
-9
8
7
-1
5
7
-1
6
7
-1
7
7
-1
9
7
-1
10
7
-1
11
7
-1
8
7
-1
12
7
-1
13
7
-1
14
7
-1
15
2
2
-13
2
2
-8
9
4
-8
9
3
-8
7
-1
16
7
-1
17
7
-1
18
7
-1
19
7
-1
20
7
-1
21
7
-1
22
7
-1
23
7
-1
24
7
-1
25
7
-1
26
7
-1
27
7
-1
32
7
-1
31
7
-1
30
7
-1
29
7
-1
28
7
-1
41
7
-1
33
7
-1
34
7
-1
35
7
-1
36
7
-1
37
7
-1
38
7
-1
39
7
-1
40
7
-1
47
7
-1
42
7
-1
48
7
-1
49
7
-1
50
7
-1
43
7
-1
44
7
-1
45
7
-1
46
7
-1
51
7
-1
52
7
-1
53
7
-1
54
2
-2
16
2
-2
17
2
-2
18
7
-1
55
7
-1
56
7
-1
57
2
-2
19
2
-2
20
2
-2
21
2
-2
32
2
-2
31
2
-2
30
2
-2
29
2
-2
28
2
-2
27
2
-2
26
2
-2
33
2
-2
34
2
-2
25
2
-2
24
2
-2
23
2
-2
22
2
-2
35
2
-2
36
2
-2
37
2
-2
38
2
-2
39
2
-2
40
2
-2
41
2
-2
42
2
-2
43
2
-2
44
2
-2
45
2
-2
46
2
-2
47
2
-2
48
2
-2
49
2
-2
50
2
-2
51
2
-2
52
2
-2
53
2
-2
54
2
-2
55
2
-2
56
2
-2
57
8
-11
8
8
-12
8
8
-13
8
8
-14
8
8
-15
8
1000000
