2
0
-1
13
0
-8
13
0
-17
13
1
-8
13
2
-8
13
3
-8
13
4
-8
13
0
-7
13
0
-6
13
0
-5
13
0
-4
13
0
-3
13
0
-2
13
0
2
13
1
2
13
1
1
13
1
0
13
1
-1
13
-1
2
13
-2
2
13
-3
2
13
-4
2
13
-5
2
13
-6
2
13
-7
2
13
-7
1
13
-7
0
13
-7
-1
13
-7
-2
13
-7
-3
13
-7
-4
13
-7
-5
13
-7
-6
13
-7
-7
13
-7
-8
13
-7
-9
13
-7
-10
13
-7
-11
13
-7
-12
13
-7
-13
13
-7
-14
13
-7
-15
13
-7
-16
13
-6
-16
13
-5
-16
13
-4
-16
13
-3
-16
13
-2
-16
13
-1
-16
13
0
-16
13
5
-8
13
6
-8
13
7
-8
13
8
-8
13
8
-9
13
8
-10
13
8
-11
13
8
-12
13
8
-13
13
8
-14
13
8
-15
13
8
-16
13
8
-17
13
8
-18
13
8
-19
13
0
-18
13
0
-19
13
8
-20
13
8
-21
13
0
-20
13
-1
-20
13
-2
-20
13
-3
-20
13
-4
-20
13
-5
-20
13
-6
-20
13
-7
-20
13
-8
-20
13
-9
-20
13
-10
-20
13
-11
-20
13
-12
-20
13
-13
-20
13
8
-22
13
8
-23
13
8
-24
13
8
-25
13
8
-26
13
8
-27
13
8
-28
13
8
-29
13
7
-30
13
6
-30
13
5
-30
13
4
-30
13
3
-30
13
2
-30
13
1
-30
13
0
-30
13
-1
-30
13
-2
-30
13
-3
-30
13
-4
-30
13
-6
-31
13
-6
-32
13
-13
-21
13
-13
-23
13
-13
-24
13
-13
-22
13
-5
-30
13
-6
-30
13
-6
-33
13
8
-30
13
-13
-25
13
-13
-26
13
-13
-27
13
-13
-28
13
-13
-29
13
-13
-30
13
-13
-31
13
-13
-32
13
-13
-33
1
-6
-36
1000000
