1
0
10
2
-6
18
2
-6
19
2
-6
20
2
-6
21
2
-6
22
2
-6
23
2
-6
24
2
-6
25
2
-6
26
2
-6
27
2
6
18
2
6
19
2
6
20
2
6
21
2
6
22
2
6
23
2
6
24
2
6
25
2
6
26
2
6
27
2
-5
27
2
-6
17
2
-6
16
2
-6
15
2
-6
14
2
-6
13
2
-6
12
2
-6
11
2
-6
10
2
-6
9
2
-6
8
2
-6
7
2
-6
6
2
-6
5
2
-6
4
2
-6
3
2
-6
2
2
-6
1
2
-4
27
2
6
17
2
6
16
2
6
15
2
6
14
2
6
13
2
6
12
2
6
11
2
6
10
2
6
9
2
6
8
2
6
7
2
6
6
2
6
5
2
6
4
2
6
3
2
6
2
2
-3
27
2
-2
27
2
-1
27
2
-1
28
2
-6
0
2
-6
-1
2
-4
-1
2
-3
-1
2
-2
-1
2
-1
-1
2
0
-1
2
1
-1
2
2
-1
2
3
-1
2
4
-1
2
5
-1
2
6
-1
2
6
0
2
6
1
2
-6
-2
2
-6
-3
2
-6
-4
2
-6
-5
2
-6
-6
2
-6
-7
2
-6
-8
2
-6
-9
2
-5
-9
2
-4
-9
2
-3
-9
2
-2
-9
2
-1
-9
2
-1
-8
2
-1
-7
2
-1
-6
2
0
-6
2
1
-6
2
2
-6
2
3
-6
2
4
-6
2
5
-6
2
6
-6
2
7
-6
2
8
-6
2
9
-6
2
10
-6
2
11
-6
2
11
-5
2
11
-4
2
11
-3
2
11
-2
2
12
-2
2
13
-2
2
14
-2
2
15
-2
2
16
-2
2
16
-1
2
16
0
2
16
1
2
16
2
2
16
3
2
16
4
2
16
5
2
11
4
2
10
4
2
9
4
2
8
4
2
7
4
2
16
6
2
16
7
2
16
8
2
16
9
2
12
4
2
16
10
2
16
11
2
10
6
2
8
7
2
8
8
2
7
7
2
7
8
2
15
11
2
9
6
2
8
6
2
7
6
2
7
5
2
8
5
2
9
5
2
10
5
2
14
11
2
13
11
2
12
11
2
11
11
2
7
17
2
8
17
2
9
17
2
10
17
2
11
17
2
12
17
2
-1
32
2
-1
29
2
-1
30
2
-1
31
2
16
19
2
16
18
2
16
17
2
16
16
2
16
15
2
16
14
2
16
13
2
16
12
2
-1
33
2
-1
34
2
0
34
2
1
34
2
2
34
2
3
34
2
4
34
2
5
34
2
7
27
2
8
27
2
9
27
2
10
27
2
11
27
2
12
27
2
16
20
2
16
21
2
15
24
2
14
24
2
13
24
2
12
24
2
13
27
2
14
27
2
16
24
2
16
25
2
16
26
2
16
27
2
16
28
2
16
29
2
16
30
2
16
31
2
16
32
2
16
33
2
16
34
2
15
34
2
14
34
2
13
34
2
12
34
2
11
34
2
10
34
2
9
34
2
8
34
2
7
34
2
6
34
2
12
23
2
12
22
2
12
21
2
14
21
2
15
21
2
13
21
1000000
