2
1
-1
2
0
-1
2
-1
-1
2
-1
0
2
-1
1
2
-1
2
2
-1
3
2
-1
4
2
-1
5
2
-1
6
2
1
0
2
1
1
2
1
2
2
1
3
2
1
4
2
1
5
2
1
6
2
1
7
2
1
8
2
1
9
14
1
10
14
-1
10
2
-1
9
2
-1
8
2
-1
7
14
-1
11
14
-1
12
14
-1
13
14
-1
15
14
0
15
14
-1
14
14
3
11
14
3
10
14
2
10
14
3
12
14
3
13
14
3
14
14
3
15
14
1
15
14
1
16
14
1
17
14
1
18
14
1
19
14
1
20
14
1
21
14
3
16
14
3
17
14
3
18
14
3
19
14
3
20
14
3
21
14
3
22
14
3
23
14
3
24
14
3
25
2
2
25
14
1
25
2
-1
22
14
-1
23
14
-1
24
14
0
21
14
-1
21
14
-1
25
14
1
27
14
1
26
14
1
28
14
1
29
14
1
30
14
1
31
14
-1
31
14
-5
32
14
-6
32
14
-1
28
14
-1
27
14
-1
26
14
1
33
14
-1
32
14
1
32
14
1
34
14
1
35
14
1
36
14
1
37
14
1
38
14
1
39
14
0
39
14
-1
39
14
-2
39
14
-2
32
14
-3
32
14
-2
38
14
-2
37
14
-2
36
14
-2
35
14
-3
35
14
-4
32
14
-6
33
14
-6
34
14
-4
35
14
-6
35
14
-6
36
14
-4
36
14
-4
37
14
-4
38
14
-4
39
14
-6
39
14
-6
38
14
-6
37
14
-4
40
14
-4
41
14
-4
42
14
-6
42
14
-6
41
14
-6
40
14
-4
43
14
-6
43
14
-1
30
14
-1
29
2
-6
44
14
-6
45
14
-6
46
14
-6
47
14
-5
47
14
-4
47
2
-3
47
2
-3
43
2
-2
43
2
-1
43
2
-1
44
2
-1
45
2
-1
46
2
-1
47
2
-1
48
2
-1
49
2
-3
48
2
-3
49
2
-1
50
2
-1
51
2
-1
52
2
-1
53
2
-1
54
2
-1
55
2
-1
56
2
-1
57
2
-1
58
2
-1
59
2
-1
60
2
-1
61
2
-1
62
2
-1
63
2
-3
85
2
-1
64
2
-1
65
2
-1
66
2
-1
67
2
-1
68
2
-1
69
2
-1
70
2
-1
71
2
-1
72
2
-1
73
2
-1
74
2
-1
75
2
-3
75
2
-3
74
2
-3
73
2
-3
72
2
-3
71
2
-3
70
2
-3
69
2
-3
68
2
-3
76
2
-3
77
2
-3
78
2
-3
65
2
-3
66
2
-3
67
2
-3
64
2
-3
63
2
-3
62
2
-3
61
2
-3
60
2
-3
59
2
-3
58
2
-3
57
2
-3
56
2
-3
55
2
-3
54
2
-3
53
2
-3
52
2
-3
51
2
-3
50
2
-3
79
2
-3
80
2
-3
81
2
-3
82
2
-3
83
2
-3
84
2
-3
86
2
-1
84
2
-1
83
2
-1
82
2
-1
81
2
-1
80
2
-1
79
2
-1
78
2
-1
77
2
-1
76
2
-3
87
2
-3
88
2
-3
89
2
-3
90
2
-3
91
2
-3
92
2
-3
93
2
-3
94
2
-3
95
2
-3
96
2
-3
97
2
-3
98
2
-3
99
2
-3
100
2
-1
99
2
-1
98
2
-1
97
2
-1
96
2
-1
95
2
-1
94
2
-1
93
2
-1
92
2
-1
91
2
-1
90
2
-1
89
2
-1
88
2
-1
87
2
-1
86
2
-1
85
2
-3
101
2
-2
104
2
-1
104
2
-3
104
2
-3
103
2
-3
102
2
-1
103
2
-1
102
1
-2
103
2
-1
101
2
-1
100
1000000
