3
13
-2
9
0
-1
3
13
-1
1
-1
-2
3
13
0
3
13
1
3
8
-1
3
9
-1
3
10
-1
3
11
-1
3
12
-1
3
12
-2
3
11
-2
3
10
-2
3
9
-2
3
8
-2
3
13
2
6
14
-2
6
14
-1
6
14
0
6
14
1
6
14
2
6
14
3
6
14
4
6
14
5
3
13
3
3
13
4
3
13
5
3
13
6
3
13
7
6
14
6
6
14
7
3
12
7
3
11
7
3
10
7
3
9
7
3
8
7
3
7
7
3
6
7
3
5
7
3
4
7
3
3
7
3
2
7
3
1
7
3
0
7
3
-1
7
3
-2
7
3
-3
7
3
-4
7
3
-5
7
3
-6
7
6
14
8
3
-8
7
3
-9
7
3
-10
7
3
-7
7
6
13
8
6
12
8
6
11
8
6
10
8
6
9
8
3
-10
8
3
-10
9
3
-15
11
3
-15
10
3
-20
12
3
-20
13
9
4
14
9
5
14
9
6
14
9
7
14
9
7
13
9
7
12
9
7
11
9
11
11
9
9
18
9
8
19
9
7
19
9
6
20
9
5
20
9
4
20
9
3
19
9
2
19
9
1
18
9
0
17
9
0
16
9
0
15
9
0
14
9
0
13
9
1
12
9
2
11
9
3
11
9
4
11
9
5
11
9
12
13
9
13
13
9
14
13
9
15
13
9
15
14
9
14
15
9
13
16
9
12
16
9
11
15
9
10
14
9
10
13
9
10
12
9
12
10
9
13
10
9
14
10
9
-1
-1
9
17
16
9
17
15
9
17
14
9
17
13
9
17
12
9
17
11
9
30
18
9
19
16
9
20
16
9
21
15
9
21
14
9
21
13
9
21
12
9
21
11
9
30
16
9
30
15
9
23
18
9
23
17
9
23
16
9
23
15
9
23
14
9
23
13
9
23
12
9
23
11
9
29
16
9
26
16
9
26
15
9
25
15
9
24
14
9
25
13
9
26
12
9
27
11
9
29
15
9
29
18
9
-2
-1
9
29
13
9
29
12
9
29
11
9
29
14
3
-25
14
3
-25
15
3
-30
16
3
-31
17
3
-32
18
3
-33
20
4
-36
25
6
-27
16
6
-22
14
6
-17
12
4
-33
23
4
-34
23
4
-35
23
4
-35
24
4
-34
24
4
-33
24
4
-33
25
4
-34
25
4
-35
25
4
-36
24
3
-28
24
3
-27
24
3
-26
24
3
-33
19
4
-36
23
4
-37
25
4
-37
24
4
-37
23
3
-25
25
3
-24
25
3
-23
25
3
-22
26
9
18
16
3
-21
27
9
30
14
9
30
13
9
30
12
9
30
11
3
32
23
3
32
24
3
33
24
3
34
24
3
35
24
3
36
24
3
37
24
3
38
24
3
38
26
3
38
25
3
38
27
3
38
28
3
38
29
3
39
29
3
40
29
3
41
29
3
42
29
3
43
29
3
44
29
3
45
29
3
-34
21
3
-34
20
9
27
16
9
24
15
3
45
30
3
45
31
3
45
32
3
45
33
3
45
34
3
45
35
3
46
35
3
47
35
3
48
35
3
49
35
3
49
36
3
49
37
3
49
38
3
50
38
3
51
38
3
52
38
3
52
39
3
52
40
3
52
41
3
52
42
3
52
43
3
53
43
3
54
43
3
55
43
3
49
43
3
48
43
3
47
43
3
42
40
3
41
40
6
57
43
6
57
44
6
57
45
6
57
46
6
57
47
4
51
39
4
51
40
4
51
41
3
17
39
6
45
44
6
45
45
6
45
46
4
51
42
3
40
39
3
39
39
3
38
39
3
37
40
6
40
41
6
39
41
6
38
41
6
37
41
6
36
41
6
35
41
6
34
41
6
33
41
6
32
41
6
31
41
6
30
41
6
29
41
6
28
41
6
27
41
6
26
41
6
25
41
6
24
41
6
23
41
6
22
41
6
21
41
6
20
41
6
19
41
3
36
40
3
35
39
3
34
39
3
33
39
3
32
40
3
31
40
3
30
39
3
29
39
3
28
39
3
27
40
3
26
40
3
25
39
3
24
39
3
23
39
3
22
40
3
21
40
3
20
39
3
19
39
3
18
39
3
17
40
3
16
41
3
15
42
3
14
43
3
13
44
3
12
45
3
11
46
3
10
47
9
-29
30
9
-30
30
9
-31
30
9
-32
30
9
-33
30
9
-34
30
9
-35
30
9
-36
30
9
-37
30
9
-28
30
9
-27
30
9
-26
30
9
-25
30
9
-24
30
9
-23
30
9
-38
30
9
-39
30
9
-40
30
9
-41
30
9
-43
30
9
-44
30
9
-45
30
9
-46
30
9
-42
30
9
-47
30
9
-48
30
3
-47
33
3
-47
34
3
-47
35
3
-47
36
3
-47
37
3
-47
38
3
-47
39
3
-47
40
3
-47
41
3
-47
42
3
-47
43
3
-47
44
3
-47
45
3
-47
46
3
-47
47
3
-47
48
3
-47
49
3
-47
50
3
-47
51
3
-47
52
3
-47
53
3
-47
54
3
-47
55
3
-47
56
3
-47
57
3
-47
58
3
-47
59
3
-47
60
3
-47
61
3
-47
62
3
-47
63
3
-47
64
3
-47
65
3
-47
66
3
-47
67
3
-47
68
3
-47
69
3
-47
70
3
-47
71
3
-47
72
3
-47
73
3
-47
74
3
-47
75
3
-47
76
3
-47
77
3
-47
78
3
-47
79
4
-47
80
4
-47
81
4
-46
82
4
-45
83
4
-44
84
3
-43
85
3
-42
86
9
-26
79
9
-26
86
6
45
47
3
16
40
3
15
41
3
14
42
3
13
43
3
12
44
3
11
45
3
10
46
3
11
44
3
12
43
3
13
42
3
14
41
3
15
40
3
12
42
3
13
41
9
-26
85
9
-26
84
9
-26
83
9
-26
78
9
-26
77
9
-26
76
9
-26
75
9
-26
74
9
-26
73
9
-26
72
9
-26
71
9
-26
70
9
-26
69
9
-26
68
9
-26
82
9
-26
81
9
-26
80
9
-26
67
9
-26
66
9
-26
65
9
-25
86
9
-24
86
9
-23
86
9
-22
86
6
8
8
6
7
8
6
6
8
6
5
8
6
4
8
9
-26
64
9
-26
63
9
-26
62
9
-26
61
9
-26
60
9
-21
86
9
-20
86
9
-19
86
9
-18
86
9
-17
86
9
-16
86
9
-15
86
12
1
98
9
9
84
9
9
83
9
9
85
9
10
85
9
11
85
9
12
85
9
13
85
9
9
82
9
9
81
9
9
80
9
9
79
3
-2
-10
3
-1
-10
3
7
79
3
7
80
3
8
80
3
8
79
3
8
81
3
8
82
6
6
80
6
5
80
6
4
80
6
3
80
6
2
80
6
1
80
6
0
80
6
-1
80
6
-2
80
6
-3
80
6
-4
80
6
-5
80
6
-6
80
6
-7
80
6
-8
80
6
-9
80
6
-10
80
6
-11
80
6
-12
80
6
-13
80
6
-14
80
3
8
83
3
8
84
3
6
79
3
5
79
3
4
79
3
3
79
3
2
79
3
1
79
3
0
79
3
-2
79
3
-3
79
3
-4
79
3
-5
79
3
-6
79
3
-8
79
3
-9
79
3
-11
79
3
-12
79
3
-13
79
3
-14
79
3
-10
79
3
-7
79
3
-1
79
3
0
-10
3
1
-10
3
2
-10
3
3
-10
3
4
-10
3
5
-10
3
6
-10
3
7
-10
3
8
-10
3
9
-10
3
10
-10
3
11
-10
3
12
-10
3
13
-10
3
14
-10
6
14
-9
6
13
-9
6
12
-9
6
11
-9
6
10
-9
6
9
-9
6
8
-9
6
7
-9
6
6
-9
6
5
-9
6
4
-9
6
3
-9
6
2
-9
6
1
-9
3
-2
-9
3
15
-10
3
-3
-9
3
-3
-8
3
-3
-7
3
-3
-6
3
-3
-5
3
-3
-4
3
-3
-3
3
-3
-2
3
-4
-2
3
-4
-3
3
-4
-4
3
-4
-5
3
-4
-6
3
-4
-7
3
-4
-8
3
16
-10
3
17
-10
9
-1
2
9
-1
3
9
-1
4
9
-1
5
9
-1
6
4
-7
-1
3
-5
-4
3
-5
-3
4
-7
0
4
-6
1
4
-5
-1
4
-5
0
4
-5
1
3
18
-10
4
-6
0
4
-6
-1
3
-5
-2
3
-6
-2
4
-5
2
3
19
-10
3
-3
-1
3
-4
-1
4
-4
0
3
-3
0
3
20
-10
3
21
-10
3
22
-10
4
-3
3
4
-3
2
4
-3
1
4
-4
1
4
-4
2
4
-4
3
3
23
-10
3
24
-10
3
25
-10
3
26
-10
3
27
-10
3
28
-10
3
29
-10
3
30
-10
3
31
-10
3
32
-10
3
33
-10
3
34
-10
6
42
-9
10
30
-23
13
30
-22
6
15
-9
6
16
-9
6
17
-9
6
18
-9
6
19
-9
6
20
-9
6
21
-9
6
22
-9
6
23
-9
6
24
-9
6
25
-9
6
26
-9
6
27
-9
6
28
-9
6
29
-9
6
30
-9
6
31
-9
6
32
-9
6
34
-9
6
33
-9
8
32
2
8
33
2
8
34
2
8
35
2
8
36
2
8
37
2
8
38
2
8
39
2
8
40
2
8
41
2
8
42
2
8
43
2
8
44
2
8
45
2
8
46
2
8
47
2
8
48
2
8
49
2
8
50
2
8
51
2
6
42
-10
9
-2
6
9
-3
6
9
-4
6
8
30
-24
8
29
-24
8
29
-22
8
29
-23
6
41
-8
9
14
85
3
42
-11
3
42
-12
3
42
-13
3
42
-14
3
42
-15
3
42
-16
3
42
-17
3
42
-18
3
42
-19
3
42
-20
3
42
-21
9
15
85
3
16
85
3
17
85
9
42
-24
9
43
-24
9
44
-24
9
45
-24
9
46
-24
9
47
-24
9
48
-24
9
49
-24
9
50
-24
9
51
-24
9
52
-24
3
18
85
3
19
85
3
20
85
9
20
88
9
21
88
9
22
88
4
16
87
4
17
87
9
19
88
9
18
88
9
17
88
9
16
88
4
18
87
4
19
87
4
20
87
4
21
87
3
21
85
3
22
85
4
22
87
4
22
86
4
20
86
4
19
86
4
18
86
4
17
86
4
16
86
4
21
86
3
39
79
3
39
78
3
-5
-5
3
-6
-3
4
-8
-1
4
-9
-3
3
-5
-7
3
-5
-6
3
-6
-6
3
-6
-5
3
-6
-4
3
-7
-4
3
-7
-5
3
-7
-3
4
-7
-2
3
-8
-4
3
-8
-3
4
-8
-2
4
-9
-2
3
8
85
3
8
86
3
7
86
3
7
85
3
7
84
3
7
83
3
7
82
3
7
81
4
7
87
4
8
87
8
1
97
9
16
89
9
16
90
9
16
91
9
16
92
9
16
93
9
16
94
9
16
95
9
16
96
9
16
97
9
16
98
9
16
99
9
16
100
3
39
77
3
34
79
3
35
79
3
36
79
3
37
79
3
37
78
3
36
78
3
35
78
3
34
78
3
40
77
3
40
78
3
41
79
3
41
78
3
41
77
3
40
79
3
34
77
3
35
77
3
36
77
3
37
77
3
38
77
3
38
78
3
38
79
3
50
81
3
50
80
3
50
79
3
51
79
3
52
80
3
53
80
3
54
80
8
2
98
8
2
97
3
54
79
3
54
81
3
53
81
3
52
81
3
51
81
3
52
79
3
51
80
3
53
79
9
61
62
9
62
63
9
63
64
9
55
62
9
54
63
9
53
64
9
57
61
9
59
61
9
60
62
9
56
62
9
59
62
9
57
62
9
61
63
9
55
63
9
54
64
9
62
64
9
58
71
9
58
70
9
58
69
9
58
68
9
53
-24
9
54
-24
9
55
-24
9
56
-24
9
57
-24
9
58
-24
9
59
-24
9
60
-24
9
61
-24
9
62
-24
9
63
-24
9
64
-24
8
52
2
8
53
2
8
54
2
8
55
2
8
56
2
8
57
2
8
58
2
8
59
2
8
60
2
8
61
2
8
62
2
8
63
2
9
65
79
9
65
80
9
65
81
9
65
82
9
65
83
9
65
84
9
65
85
9
64
86
9
64
87
9
64
88
9
65
78
9
65
77
9
66
77
9
67
77
9
68
77
9
69
77
9
65
76
9
70
76
9
71
76
9
65
75
9
72
75
9
73
75
9
74
75
9
65
74
9
75
74
9
65
73
9
65
72
9
65
71
9
65
70
9
65
69
9
65
68
9
65
67
9
65
66
9
65
65
9
65
64
9
65
63
9
65
62
9
65
61
9
65
60
9
65
59
9
65
58
9
65
57
9
66
66
9
67
65
9
68
64
9
69
63
9
70
62
9
72
61
9
71
61
9
66
78
9
66
79
9
67
80
9
67
81
9
66
82
9
66
83
9
68
80
9
69
79
9
76
79
9
71
78
9
72
78
9
73
78
9
74
78
9
75
79
9
70
79
9
77
80
9
78
81
9
79
82
9
79
83
9
67
79
9
69
87
9
66
88
9
66
89
9
64
89
9
67
90
9
68
91
9
65
87
9
65
86
9
69
92
9
70
92
9
71
93
9
72
93
9
73
93
9
74
93
9
75
92
9
76
92
9
77
91
9
78
90
9
79
89
9
79
88
9
80
87
9
80
86
9
80
85
9
80
84
9
70
87
9
71
86
9
72
85
9
73
84
9
73
83
9
73
82
9
72
81
9
71
81
9
70
81
9
69
82
9
68
83
9
68
84
9
68
85
9
68
86
9
70
89
9
71
90
9
72
90
9
73
90
9
74
89
9
73
88
9
74
86
9
75
87
9
76
87
9
77
86
9
77
85
9
77
84
9
76
83
9
58
67
9
58
66
9
58
65
9
58
64
9
58
62
9
58
61
9
58
60
9
58
63
9
57
60
9
59
60
9
60
61
9
56
61
9
58
59
1000000
