2
0
-1
10
12
-1
9
31
-12
9
32
-12
9
33
-12
9
29
-12
9
30
-12
9
34
-12
9
35
-12
9
36
-12
9
37
-12
10
42
-22
9
49
-16
9
50
-16
9
51
-16
9
52
-16
9
53
-16
9
54
-16
9
55
-16
9
56
-16
9
57
-16
9
58
-16
9
59
-16
10
68
-10
9
74
-9
9
74
-10
9
74
-8
9
74
-7
9
74
-6
9
74
-5
9
74
-4
9
74
-3
9
74
-2
9
75
-2
9
76
-2
9
77
-2
9
78
-2
9
79
-2
9
80
-2
10
92
-6
13
88
-2
8
89
-4
2
94
-16
2
95
-16
2
96
-16
2
97
-16
2
98
-16
2
99
-16
2
100
-16
2
101
-16
2
102
-16
8
89
-5
10
113
-4
9
114
2
9
115
3
9
115
4
9
115
2
9
115
5
9
115
6
9
115
7
9
113
8
9
113
9
9
113
10
9
113
11
9
113
12
10
115
8
2
103
-16
2
104
-16
2
105
-16
2
106
-16
2
107
-16
2
108
-16
2
109
-16
9
113
13
9
113
14
9
113
15
9
112
15
9
112
16
9
112
17
9
112
18
9
115
16
9
116
16
9
112
19
9
112
20
9
113
20
9
114
20
9
115
20
9
116
20
9
117
20
9
117
16
9
118
16
9
119
16
9
118
20
9
119
20
9
120
20
10
133
18
1
116
23
9
120
21
9
120
16
9
120
22
9
121
22
2
93
-16
2
92
-16
4
113
5
4
113
4
3
111
2
3
111
1
3
111
0
3
111
-1
3
111
-2
4
113
6
4
113
7
1000000
