2
-5
-1
2
-4
-1
2
-3
-1
2
-2
-1
2
-1
-1
2
0
-1
2
1
-1
2
2
-1
2
3
-1
2
4
-1
2
5
-1
2
-5
0
2
-5
1
2
-5
2
2
-5
3
2
-5
4
2
-5
5
2
-5
6
2
-5
7
2
-5
8
8
-4
8
2
-3
8
2
-2
8
2
-1
8
2
0
8
2
1
8
2
2
8
2
3
8
2
4
8
2
5
8
2
5
7
2
5
6
2
5
5
2
5
4
2
5
3
9
6
3
9
7
3
8
8
3
9
10
3
9
11
3
8
12
3
8
13
3
9
14
3
9
15
3
8
9
3
8
16
3
9
6
-1
9
7
-1
9
9
-1
9
12
-1
9
13
-1
9
14
-1
9
15
-1
9
16
-1
9
11
-1
9
10
-1
9
8
-1
9
8
0
9
10
2
9
12
0
9
14
2
9
16
0
9
17
3
9
18
3
8
17
-1
8
18
-1
2
19
3
2
19
4
2
19
5
2
19
6
2
19
7
2
19
8
2
20
8
2
21
8
2
22
8
9
29
9
2
25
8
2
24
8
2
29
8
2
29
7
2
29
6
2
29
5
2
29
4
2
29
3
2
29
2
2
29
1
2
29
0
2
29
-1
2
28
-1
2
27
-1
2
26
-1
2
25
-1
2
24
-1
2
23
-1
2
22
-1
2
21
-1
2
20
-1
8
19
-1
2
23
8
13
25
3
9
29
10
9
29
11
9
29
12
9
29
13
9
29
14
9
29
15
9
29
16
9
29
17
9
25
9
9
25
10
9
25
11
9
25
12
9
25
13
9
25
14
9
25
15
9
25
16
9
25
17
9
25
18
9
25
19
9
25
20
9
29
20
9
29
19
9
29
18
2
19
21
2
20
21
2
21
21
2
22
21
2
23
21
2
24
21
2
25
21
2
29
21
2
29
22
2
29
23
2
29
24
2
29
25
2
29
26
2
29
27
2
29
28
2
29
29
2
29
30
2
29
31
2
29
32
2
28
32
2
27
32
2
26
32
2
25
32
2
24
32
2
23
32
2
22
32
2
21
32
2
20
32
2
19
32
2
19
28
2
19
27
2
19
25
2
19
24
2
19
23
2
19
22
2
19
26
2
18
20
2
18
19
2
18
18
2
18
17
2
18
16
2
18
15
2
18
14
2
18
13
2
18
12
2
18
11
2
18
10
2
18
9
2
17
9
2
16
9
2
15
9
2
14
9
2
12
9
2
11
9
2
10
9
2
9
9
2
8
9
2
7
9
2
6
9
2
13
9
12
6
12
2
6
13
2
6
14
2
6
15
2
6
16
2
6
17
2
6
18
2
6
19
2
6
20
2
7
20
2
8
20
2
10
20
2
11
20
2
12
20
2
13
20
2
15
20
2
16
20
2
17
20
2
14
20
2
9
20
6
28
31
2
18
32
2
17
32
2
16
32
2
15
32
2
14
32
2
13
32
2
11
32
2
10
32
2
12
32
2
9
32
2
8
32
2
7
32
2
6
32
2
18
28
2
17
28
2
16
28
2
6
28
2
7
28
2
5
28
8
6
22
2
8
28
2
5
27
2
5
26
2
5
25
2
5
24
2
5
23
2
5
22
2
5
21
2
3
21
8
20
22
8
21
22
8
22
22
8
23
22
8
24
22
8
20
23
8
22
23
8
23
23
8
21
23
8
21
24
8
20
24
8
22
24
8
20
25
8
21
25
8
20
26
8
18
21
8
17
21
8
16
21
8
15
21
8
14
21
8
13
21
8
12
21
8
11
21
8
10
21
8
9
21
8
8
21
8
7
21
8
6
21
8
7
22
8
8
22
8
9
23
8
9
24
8
10
25
2
9
28
8
26
3
8
13
25
8
14
25
8
14
26
8
15
24
8
16
23
8
17
23
8
17
22
8
18
22
8
15
22
8
13
22
8
12
22
8
10
22
8
9
22
8
10
23
8
12
23
8
13
23
8
15
23
8
16
22
8
14
22
8
14
23
8
11
23
8
11
22
8
10
24
8
11
24
8
11
25
8
12
24
8
12
25
8
14
24
8
13
24
8
13
26
8
15
25
8
16
25
8
16
24
8
8
24
8
8
25
8
7
24
8
6
24
8
6
23
8
7
23
8
8
23
8
27
3
8
6
27
8
6
26
8
6
25
8
28
3
8
7
27
8
7
26
8
7
25
8
9
25
8
8
26
2
5
32
2
4
32
2
3
32
2
2
32
2
1
32
2
0
32
8
-2
32
8
-5
32
2
-5
30
2
-5
28
2
-5
27
2
-5
25
2
-5
24
2
-5
22
2
-5
21
8
-5
31
2
-5
23
2
-5
26
2
-5
29
8
-4
32
8
-3
32
8
-1
32
2
4
21
2
2
21
2
1
21
2
0
21
2
-1
21
2
-2
21
8
-3
21
8
-3
20
8
12
26
8
11
26
8
10
26
8
9
26
8
8
27
2
-5
20
2
-5
18
2
-5
17
2
-5
16
2
-5
14
2
-5
13
2
-5
11
2
-5
10
2
-5
9
2
-5
12
2
-5
19
2
-5
15
8
-4
7
8
-3
7
8
-4
6
8
-2
7
3
4
28
3
3
28
3
2
28
3
1
28
3
0
28
3
-1
28
3
-2
28
3
-3
28
8
-3
22
8
-1
22
8
-1
23
8
0
22
8
1
25
8
2
23
8
3
22
8
2
24
8
1
26
8
0
26
8
0
25
8
-1
24
8
-2
26
8
-2
24
8
-2
23
8
-2
22
8
-2
25
8
-1
25
8
3
24
8
3
23
8
4
23
8
4
22
8
1
23
8
0
24
8
1
24
8
0
23
8
1
22
8
2
22
2
5
9
2
4
9
2
2
9
2
1
9
8
0
9
8
-1
9
2
-2
9
2
3
9
8
4
10
8
4
11
8
3
10
8
2
10
8
1
10
8
5
20
8
4
20
8
3
20
4
7
10
4
8
10
4
9
10
4
10
10
4
11
10
4
12
10
4
13
10
4
14
10
4
15
10
4
16
10
3
17
10
3
17
11
3
17
12
3
17
13
3
17
18
3
17
17
3
17
16
3
17
15
3
17
14
6
17
19
6
16
19
6
15
19
6
14
19
6
13
19
6
12
19
6
11
19
6
10
19
6
9
19
6
8
19
5
7
19
5
7
18
5
7
16
5
7
15
5
7
14
4
7
13
4
8
13
5
7
17
3
7
12
3
8
12
3
9
12
3
10
12
3
11
12
3
12
12
3
13
12
3
14
12
6
15
12
4
9
13
4
10
13
4
11
13
4
12
13
4
13
13
3
14
13
6
15
13
6
15
14
6
15
15
6
15
16
3
14
14
3
14
15
6
14
16
5
15
17
5
14
17
5
13
17
5
12
17
5
11
17
5
10
17
4
9
17
4
9
16
3
9
15
3
10
15
3
11
15
3
12
15
3
16
18
3
15
18
3
14
18
3
13
18
3
12
18
3
11
18
3
10
18
3
9
18
6
8
18
4
16
17
4
16
16
4
16
15
4
16
14
4
16
13
4
16
12
4
16
11
5
7
11
5
8
11
5
9
11
5
10
11
5
11
11
5
12
11
5
13
11
5
14
11
5
15
11
6
8
17
6
8
16
6
8
15
5
8
14
5
9
14
5
10
14
5
11
14
5
12
14
4
13
14
6
13
16
6
12
16
6
11
16
3
13
15
1
10
16
1000000
