2
0
2
2
1
2
2
-1
2
2
-2
2
2
2
2
2
2
-1
2
1
-1
2
0
-1
2
-1
-1
2
-2
-1
2
-2
11
2
-2
12
2
-2
13
2
-2
14
2
-2
15
2
-2
16
2
-2
17
2
-3
17
2
-4
17
2
-5
17
2
-6
17
2
-7
17
2
-8
17
2
-25
27
2
-42
38
8
-41
55
8
-41
54
8
-44
51
8
-41
53
8
-41
52
8
-41
51
8
-44
52
8
-44
53
8
-44
54
8
-44
55
9
-41
56
9
-40
56
9
-39
56
9
-38
56
9
-37
56
9
-44
56
9
-45
56
9
-46
56
9
-47
56
9
-48
56
9
-48
57
9
-48
58
9
-48
59
9
-48
60
9
-48
61
9
-48
62
9
-48
63
9
-47
63
9
-46
63
9
-45
63
9
-44
63
9
-43
63
9
-42
63
9
-41
63
9
-40
63
9
-39
63
9
-38
63
9
-37
63
6
-43
56
2
-60
38
2
-61
38
6
-43
57
6
-43
58
9
-37
62
9
-37
61
6
-43
59
2
-43
38
2
-44
38
2
-45
38
2
-46
38
2
-47
38
2
-48
38
2
-49
38
2
-50
38
2
-51
38
2
-52
38
2
-53
38
2
-54
38
2
-55
38
2
-56
38
2
-57
38
2
-58
38
2
-59
38
2
-41
38
9
-37
60
9
-37
59
9
-37
58
9
-37
57
1
-39
59
2
-41
37
2
-41
36
2
-41
35
2
-41
34
2
-41
33
2
-41
32
2
-41
31
2
-41
30
2
-29
15
2
-61
30
2
-61
37
2
-61
36
2
-61
35
2
-61
34
2
-61
33
2
-61
32
2
-61
31
2
-60
30
2
-59
30
2
-58
30
2
-57
30
2
-56
30
2
-55
30
2
-54
30
2
-53
30
2
-52
30
2
-51
30
2
-50
30
2
-49
30
2
-48
30
2
-47
30
2
-46
30
2
-45
30
2
-44
30
2
-43
30
2
-42
30
1000000
