16
0
-1
15
2
0
9
-1
2
9
0
2
9
1
2
9
1
1
9
1
0
9
1
-1
9
-1
1
9
-1
0
9
-1
-1
9
-1
-2
9
-1
-3
9
-1
-4
9
1
-2
9
-1
-5
9
-1
-6
9
-1
-7
9
-1
-8
9
1
-3
9
1
-4
5
0
-2
5
0
-3
5
0
-4
5
0
-5
5
0
-6
5
0
-7
5
0
-8
5
0
-9
5
0
-10
5
0
-11
5
0
-12
5
0
-13
4
0
-14
4
1
-14
4
2
-14
4
3
-14
4
4
-14
4
5
-14
4
6
-14
4
7
-14
4
8
-14
4
9
-14
4
10
-14
4
11
-14
4
13
-14
4
12
-14
3
0
-15
3
2
-15
3
3
-15
3
4
-15
3
1
-15
3
5
-15
3
6
-15
3
8
-15
3
9
-15
3
10
-15
3
7
-15
3
11
-15
3
12
-15
3
13
-15
3
14
-15
3
15
-15
3
16
-15
3
17
-15
9
1
-5
9
1
-6
9
1
-7
9
1
-8
9
1
-9
9
1
-10
9
1
-11
5
1
-12
9
-1
-9
9
-1
-10
9
-1
-11
9
-1
-12
9
-1
-13
9
-1
-14
9
-1
-15
5
2
-12
5
4
-12
5
5
-12
5
7
-12
5
3
-12
5
6
-12
5
8
-12
5
9
-12
5
11
-12
5
12
-12
5
13
-12
5
14
-12
5
10
-12
5
17
-12
5
16
-12
5
15
-12
5
18
-12
5
19
-12
5
22
-12
5
24
-12
5
25
-12
5
21
-12
5
20
-12
5
23
-12
5
25
-14
5
25
-15
5
25
-16
5
25
-17
5
25
-18
5
25
-19
5
25
-20
5
25
-21
5
25
-22
5
25
-24
8
24
-17
8
24
-18
5
25
-23
9
26
-14
9
26
-15
9
26
-16
8
26
-17
8
26
-19
8
26
-20
8
26
-21
8
26
-22
8
26
-23
8
26
-24
5
25
-25
8
28
-31
8
26
-18
9
26
-13
4
14
-14
4
15
-14
4
16
-14
4
17
-14
4
19
-14
4
21
-14
4
22
-14
4
23
-14
4
24
-14
4
20
-14
4
18
-14
3
18
-15
3
19
-15
3
20
-15
3
21
-15
3
22
-15
4
24
-15
3
23
-15
2
24
-16
8
24
-19
8
24
-20
8
24
-21
8
24
-22
8
24
-23
8
24
-24
8
26
-25
8
24
-25
8
22
-31
5
25
-26
8
23
-27
2
21
-36
8
27
-27
2
20
-36
8
24
-26
8
26
-26
8
27
-28
8
23
-28
8
22
-30
8
28
-30
8
27
-29
8
23
-29
2
23
-36
2
24
-36
2
26
-53
2
26
-36
2
27
-36
18
22
-36
9
20
-35
9
20
-34
9
20
-33
9
20
-32
9
20
-31
9
21
-31
2
28
-36
2
29
-36
2
30
-36
9
30
-35
9
30
-34
9
30
-33
2
24
-37
9
29
-31
9
30
-31
9
30
-32
2
24
-38
2
24
-39
2
24
-40
2
24
-42
2
24
-44
2
24
-45
2
24
-43
2
26
-37
2
24
-41
2
26
-38
2
26
-39
2
26
-40
2
26
-41
2
26
-42
2
26
-43
2
26
-44
2
26
-45
2
26
-46
2
26
-47
2
26
-48
2
26
-49
2
26
-50
2
26
-51
2
26
-52
2
24
-46
2
24
-47
2
24
-50
2
24
-49
2
24
-48
2
24
-51
2
24
-52
2
24
-53
8
25
-53
3
23
-53
3
22
-53
3
21
-53
3
20
-53
3
19
-53
3
18
-53
3
17
-53
3
16
-53
3
15
-53
3
14
-53
3
13
-53
6
22
-52
6
21
-52
6
20
-52
6
23
-52
6
19
-52
6
18
-52
6
17
-52
6
14
-52
6
13
-52
6
16
-52
6
15
-52
6
12
-52
6
11
-52
6
10
-52
6
8
-52
6
7
-52
6
9
-52
6
6
-52
2
20
-42
3
12
-53
3
11
-53
3
10
-53
3
9
-53
3
8
-53
3
7
-53
3
6
-53
10
4
-60
10
6
-60
10
7
-60
10
5
-60
10
8
-60
10
7
-59
10
6
-58
10
7
-61
10
6
-62
9
24
-65
9
26
-65
9
25
-65
2
30
-42
13
24
-66
13
25
-66
13
26
-66
3
28
-53
9
28
-54
9
28
-55
9
28
-56
9
28
-57
9
28
-58
9
28
-59
9
29
-59
9
32
-59
3
29
-53
3
31
-53
3
32
-53
3
33
-53
3
34
-53
3
30
-53
3
35
-53
3
36
-53
3
37
-53
3
38
-53
3
39
-53
3
40
-53
4
27
-52
4
29
-52
3
41
-53
3
42
-53
4
30
-52
4
31
-52
4
28
-52
4
32
-52
4
33
-52
4
34
-52
4
35
-52
4
36
-52
4
37
-52
4
38
-52
4
39
-52
4
40
-52
4
41
-52
4
42
-52
3
43
-54
3
44
-55
3
45
-56
3
46
-57
3
47
-58
9
48
-59
9
50
-59
9
49
-59
9
52
-59
9
53
-59
9
51
-59
16
54
-59
4
43
-53
4
44
-54
4
45
-55
4
46
-56
4
47
-57
9
33
-59
9
30
-59
9
31
-59
9
35
-59
9
37
-59
9
39
-59
9
40
-59
9
41
-59
9
42
-59
9
44
-59
9
45
-59
9
46
-59
9
47
-59
9
38
-59
9
36
-59
9
34
-59
9
43
-59
5
54
-60
6
58
-57
5
54
-61
5
54
-62
5
54
-63
5
54
-64
5
54
-65
5
54
-66
5
54
-67
5
54
-68
5
54
-69
5
54
-70
5
54
-71
5
54
-72
5
54
-73
5
54
-74
5
54
-75
5
54
-76
4
54
-77
4
55
-77
4
56
-77
4
57
-77
4
58
-77
4
59
-77
4
61
-77
4
62
-77
4
63
-77
4
64
-77
4
60
-77
4
67
-77
4
66
-77
4
68
-77
4
69
-77
4
70
-77
4
65
-77
4
71
-77
4
72
-77
4
73
-77
4
74
-77
4
75
-77
5
57
-76
5
57
-75
5
57
-74
5
57
-73
5
57
-72
5
57
-71
5
57
-70
5
57
-69
5
57
-68
5
57
-67
5
57
-66
5
57
-65
5
57
-64
5
57
-63
5
57
-62
5
57
-61
5
57
-60
5
57
-59
5
57
-58
5
57
-57
4
56
-57
4
56
-58
4
56
-59
4
56
-60
4
56
-61
4
56
-62
4
56
-63
4
56
-64
4
56
-65
4
56
-66
4
56
-67
4
56
-68
4
56
-69
4
56
-70
15
67
-67
6
59
-57
6
60
-57
6
61
-57
6
62
-57
6
63
-57
6
64
-57
6
66
-57
6
67
-57
6
69
-57
6
70
-57
6
68
-57
6
65
-57
4
56
-71
4
56
-72
4
56
-73
4
56
-74
4
56
-75
4
56
-76
9
53
-60
9
53
-61
9
53
-62
9
53
-63
9
53
-64
9
53
-66
9
53
-67
9
53
-68
9
53
-65
9
53
-69
9
53
-70
9
53
-71
9
53
-72
9
53
-73
9
53
-74
9
53
-75
9
53
-76
9
53
-77
6
55
-55
6
55
-54
6
55
-53
6
55
-52
6
55
-51
6
55
-50
6
55
-49
6
55
-48
6
55
-47
6
55
-46
6
55
-45
6
55
-44
6
55
-43
6
55
-42
6
55
-41
9
55
-56
9
55
-57
9
55
-58
9
55
-60
9
55
-61
9
55
-62
9
55
-63
9
55
-65
9
55
-66
9
55
-67
9
55
-68
9
55
-69
9
55
-70
9
55
-71
9
55
-72
9
55
-73
9
55
-74
9
55
-75
9
55
-64
9
55
-59
3
54
-78
3
55
-78
3
56
-78
3
57
-78
3
58
-78
3
59
-78
3
60
-78
3
61
-78
3
62
-78
3
63
-78
3
64
-78
3
65
-78
3
66
-78
3
67
-78
3
68
-78
3
69
-78
3
70
-78
3
72
-78
3
73
-78
3
74
-78
3
75
-78
3
71
-78
4
76
-77
3
76
-78
3
77
-78
3
77
-77
3
77
-76
3
77
-75
3
77
-74
3
77
-73
3
77
-72
3
77
-71
3
77
-70
3
77
-69
3
77
-68
3
77
-67
3
77
-66
3
77
-65
3
77
-64
3
77
-63
3
77
-62
3
77
-61
3
77
-60
3
77
-59
3
77
-58
6
77
-57
6
74
-57
6
72
-57
6
71
-57
6
73
-57
6
75
-57
6
76
-57
4
76
-76
4
76
-75
4
76
-74
4
76
-73
4
76
-72
4
76
-71
4
76
-70
4
76
-69
4
76
-68
4
76
-67
4
76
-66
4
76
-65
4
76
-64
4
76
-63
4
76
-62
4
76
-61
4
76
-60
4
76
-59
3
76
-58
3
75
-58
3
73
-58
3
72
-58
3
71
-58
3
70
-58
3
68
-58
3
66
-58
3
63
-58
3
61
-58
3
60
-58
3
59
-58
6
58
-58
3
62
-58
3
64
-58
3
67
-58
3
69
-58
3
65
-58
3
74
-58
6
58
-59
6
58
-60
6
58
-61
6
58
-62
6
58
-63
6
58
-64
6
58
-65
6
58
-66
6
58
-67
6
58
-68
6
58
-69
6
58
-70
6
58
-71
6
58
-72
6
58
-73
6
58
-74
5
58
-76
5
59
-76
5
60
-76
5
61
-76
5
62
-76
5
63
-76
1
67
-66
5
66
-56
5
71
-76
5
72
-76
5
73
-76
5
74
-76
5
75
-76
4
56
-56
5
57
-56
5
58
-56
6
58
-75
5
64
-56
5
67
-56
5
68
-56
5
69
-56
5
70
-56
5
71
-56
5
72
-56
5
73
-56
5
74
-56
5
76
-56
5
77
-56
5
75
-56
5
78
-56
6
78
-57
6
78
-58
6
78
-59
6
78
-60
6
78
-62
6
78
-63
6
78
-64
6
78
-61
6
78
-65
6
78
-66
6
78
-67
6
78
-68
6
78
-69
6
78
-70
6
78
-71
6
78
-72
6
78
-73
6
78
-74
6
78
-75
4
55
-76
9
53
-78
6
78
-77
6
78
-78
6
78
-76
5
62
-56
5
60
-56
5
59
-56
5
61
-56
5
63
-56
5
65
-56
17
47
-28
1000000
