2
0
-1
2
-1
-1
2
1
-1
2
-2
-1
2
-3
-1
2
-4
-1
2
-4
0
2
-4
1
2
-4
2
2
-4
3
2
-4
4
2
-4
5
2
-4
6
2
-3
6
2
-2
6
2
-1
6
2
0
6
2
1
6
2
2
6
2
3
6
2
4
6
2
5
6
2
6
6
2
7
6
2
1
-2
2
1
-3
2
1
-4
2
1
-5
2
1
-6
2
1
-7
2
1
-8
2
1
-9
2
1
-10
2
8
-1
2
8
-2
2
8
-3
2
8
-4
2
8
-5
2
8
-6
2
8
-7
2
8
-8
2
8
-9
2
8
-10
2
9
-1
2
10
-1
2
11
-1
2
12
-1
2
13
-1
2
14
-1
2
15
-1
2
8
6
2
9
6
2
10
6
2
11
6
2
16
-1
2
17
-1
2
17
0
2
17
1
2
17
2
2
17
3
2
17
4
2
17
5
2
17
6
2
18
6
2
19
6
2
20
6
2
21
6
2
22
6
2
23
6
2
11
7
2
11
8
2
11
9
2
11
10
2
11
11
2
11
12
2
12
12
2
13
12
2
14
12
2
15
12
2
16
12
2
17
12
2
18
12
2
20
12
2
22
12
2
23
12
2
21
12
2
19
12
2
24
6
2
25
6
2
26
6
2
24
12
2
25
12
2
26
12
8
24
9
2
27
12
2
28
12
2
29
12
2
30
12
2
31
12
2
32
12
2
33
12
2
34
12
2
35
12
2
36
12
2
27
6
2
28
6
2
29
6
2
30
6
2
31
6
2
32
6
2
33
6
2
34
6
2
35
6
2
36
6
8
34
11
8
39
7
2
37
12
2
38
12
2
39
12
2
40
12
2
41
12
2
42
12
2
38
6
2
39
6
2
40
6
2
41
6
2
37
6
2
42
6
2
43
6
2
44
6
2
45
6
2
46
6
2
43
12
2
44
12
2
45
12
2
46
12
2
47
12
2
47
6
9
48
12
9
49
12
9
50
12
9
51
12
9
52
12
9
53
12
9
55
12
9
56
12
9
54
12
9
48
6
9
49
6
9
50
6
9
51
6
9
52
6
9
53
6
9
54
6
9
55
6
9
56
6
2
57
12
2
58
12
2
59
12
2
60
12
2
61
12
2
62
12
2
63
12
2
64
12
2
57
6
2
58
6
2
60
6
2
61
6
2
62
6
2
63
6
2
64
6
2
59
6
2
65
12
2
66
12
2
67
12
2
68
12
2
69
12
2
70
12
2
70
11
2
70
10
2
70
9
2
70
8
2
70
7
2
71
7
2
72
7
2
73
7
2
74
7
2
64
2
2
64
1
2
64
5
2
64
4
2
64
3
2
64
0
2
75
7
2
76
7
2
70
2
2
70
3
2
71
3
2
72
3
2
73
3
2
74
3
2
75
3
2
70
1
2
70
0
2
76
3
2
76
4
2
76
5
2
76
6
1
74
5
1000000
