9
-4
7
9
-3
7
9
-2
7
9
0
7
9
1
7
9
-4
6
9
-4
5
9
-4
4
9
2
7
9
3
7
9
4
7
14
4
6
9
-4
1
9
-4
0
9
-4
2
9
-4
3
14
4
5
14
4
4
14
4
3
14
4
2
14
4
1
14
4
0
14
4
-1
13
2
-1
14
4
-2
14
1
-1
14
0
-1
14
-1
-1
14
-2
-1
14
-3
-1
9
-4
-1
14
4
-3
14
4
-4
4
-3
-2
15
5
-17
16
2
5
2
3
-4
9
4
-5
2
2
-4
2
1
-4
9
-1
7
6
3
6
8
-1
-13
1
0
5
8
0
-13
8
3
-13
9
4
-13
13
-2
-13
2
0
-4
9
-4
-2
9
-4
-3
9
-4
-4
9
-4
-5
9
-4
-6
9
-4
-7
9
-4
-8
9
-4
-9
9
-4
-10
9
-4
-11
9
-4
-13
9
-4
-12
3
-3
-13
9
4
-6
9
4
-7
9
4
-8
9
4
-9
9
4
-10
9
4
-11
9
4
-12
6
3
-8
6
2
-8
6
1
-8
6
0
-8
6
-1
-8
6
-2
-8
6
-3
-8
14
6
-22
9
-4
-14
9
-4
-15
9
-4
-16
14
-3
-16
14
-2
-16
14
-1
-16
14
0
-16
14
1
-16
14
2
-16
14
3
-16
14
4
-16
14
5
-16
13
6
-16
14
5
-10
14
6
-10
14
7
-10
14
8
-10
14
10
-11
14
9
-10
9
7
-16
14
10
-10
14
10
-12
14
10
-13
14
10
-15
14
10
-16
9
8
-16
14
10
-14
14
10
-17
14
10
-18
14
10
-19
14
10
-20
14
10
-21
13
6
-17
13
6
-18
13
6
-19
14
10
-22
14
9
-22
14
8
-22
14
7
-22
2
-1
-4
1000000
