2
0
-1
2
1
-1
7
2
-1
2
-1
-1
7
3
-1
7
4
-1
7
5
-1
7
6
-1
7
7
-1
7
8
-1
7
9
-1
7
10
-1
2
11
-1
8
-1
3
8
2
3
8
3
3
8
4
3
8
5
3
8
0
3
8
1
3
8
10
3
8
8
3
8
7
3
8
6
3
8
11
3
8
-2
3
8
-2
2
8
-2
1
8
-2
0
8
-2
-1
9
13
2
2
11
-3
7
12
-3
8
13
1
7
13
-3
7
14
-3
9
16
-2
2
11
-2
9
15
-3
10
12
0
9
13
3
9
12
3
9
15
-2
9
32
-12
10
24
-12
9
32
-13
9
32
-11
3
28
-13
3
27
-13
3
26
-13
3
25
-13
3
24
-13
3
23
-13
3
22
-13
3
21
-13
3
20
-13
3
19
-13
3
18
-13
3
29
-13
3
30
-13
3
31
-13
9
32
-10
9
32
1
9
32
2
9
32
3
9
32
4
9
32
5
9
32
6
3
17
-13
9
32
-9
9
32
-8
9
32
-7
9
32
-6
9
32
7
9
32
8
9
32
-5
9
32
-4
9
32
-3
9
32
-2
9
32
0
9
16
-3
9
16
-4
9
16
-5
9
16
-6
9
16
-7
9
16
-8
9
16
-9
9
16
-10
9
16
-11
9
16
-12
9
16
-13
9
33
8
9
34
8
9
36
8
9
37
8
9
32
-1
9
38
8
9
40
7
9
39
8
9
40
6
9
40
5
13
42
7
9
40
8
9
40
4
9
41
4
9
42
4
9
43
4
9
44
4
9
35
8
9
42
14
1
24
-14
8
9
3
1000000
