9
0
-1
9
5
9
9
6
9
9
6
10
8
5
10
9
6
11
9
6
12
9
7
12
9
8
13
9
8
14
2
9
14
9
10
14
9
11
14
9
11
15
13
10
13
8
10
12
9
9
11
9
9
10
9
8
10
9
7
10
9
7
11
8
8
11
9
8
12
9
9
12
9
9
13
9
6
13
9
6
14
9
6
15
9
7
15
9
8
15
8
9
16
9
7
14
8
7
13
9
5
12
9
5
11
9
4
11
9
4
10
9
7
8
8
8
8
9
9
9
13
7
9
9
8
9
9
10
15
9
11
13
9
9
15
9
8
16
9
-1
-1
9
1
-1
9
2
-1
9
-2
-1
9
11
-1
9
12
-1
9
13
-1
9
14
-1
9
15
-1
9
8
17
9
9
17
9
10
17
9
10
16
9
11
16
8
10
-1
8
9
-1
8
8
-1
8
7
-1
8
6
-1
8
5
-1
8
4
-1
8
3
-1
9
15
-6
9
14
-6
9
13
-6
9
12
-6
9
11
-6
2
28
-4
13
21
-5
8
19
-3
8
22
-2
8
20
1
13
24
-7
8
26
-5
8
27
-2
8
24
-3
8
28
-6
8
24
0
8
26
2
8
22
5
8
23
2
8
26
5
8
29
2
8
27
0
8
31
-1
8
29
-2
8
31
-4
8
30
-5
13
30
-7
8
20
-1
14
35
-24
9
35
-11
9
36
-11
9
38
-11
9
37
-11
9
39
-11
9
40
-11
9
41
-11
9
42
-11
9
43
-11
9
44
-11
9
45
-11
9
9
8
9
8
7
9
9
7
9
10
11
9
11
12
9
16
-1
9
16
-6
9
46
-11
9
47
-11
9
48
-11
1
37
-13
9
50
-11
3
50
-10
3
50
-9
3
50
-8
3
50
-7
3
50
-6
3
50
-5
3
50
-4
4
50
-3
4
51
-3
4
52
-3
4
53
-3
4
54
-3
4
55
-3
4
56
-3
4
57
-3
4
58
-3
4
59
-3
9
49
-11
3
51
-4
3
52
-4
3
53
-4
3
54
-4
3
55
-4
3
56
-4
3
57
-4
3
58
-4
3
59
-4
14
35
-12
3
51
-5
3
51
-6
3
51
-7
3
51
-8
3
51
-9
3
51
-10
3
52
-10
3
52
-9
3
52
-8
3
52
-7
3
52
-6
3
52
-5
9
52
-11
9
51
-11
14
35
-13
14
35
-14
13
57
-7
8
53
-10
14
50
-2
14
51
-2
14
52
-2
14
53
-2
14
54
-2
14
55
-2
14
56
-2
14
57
-2
14
59
-2
14
35
-15
14
58
-2
9
53
-11
14
35
-16
14
35
-17
14
35
-18
14
35
-19
14
35
-20
14
35
-21
14
35
-22
14
35
-23
14
49
-2
14
49
-3
14
49
-4
14
49
-5
14
49
-6
14
49
-7
14
49
-8
10
50
-13
14
35
-25
14
35
-26
14
35
-27
14
35
-28
14
35
-29
14
35
-30
1000000
