9
-19
-6
2
-19
9
2
-19
8
2
-19
7
2
-19
6
2
-19
5
2
-19
4
2
-19
3
2
-18
3
2
-17
3
9
-7
-4
9
-6
-4
9
-5
-4
9
-4
-4
9
-3
-4
9
-2
-4
9
-1
-4
15
0
-4
9
1
-4
9
2
-4
9
3
-4
9
4
-4
9
5
-4
9
6
-4
2
-15
8
2
-15
9
2
-15
10
2
-14
10
7
-13
10
2
-12
10
7
-11
10
2
-10
10
7
-9
10
8
-19
10
8
-19
11
8
-19
12
8
-19
13
8
-19
14
8
-8
-4
8
-9
-4
8
-10
-4
8
-11
-4
10
-12
-4
8
-13
-4
8
-14
-4
8
-15
-4
8
-15
-3
8
-17
2
8
-17
1
8
-17
0
8
-17
-1
8
-10
5
8
-11
5
8
-12
5
8
-12
6
8
-15
-2
8
-16
-2
8
-17
-2
8
-12
7
8
-11
7
8
-10
7
8
-10
6
2
-7
-10
2
-6
-10
2
-5
-10
2
-4
-10
2
-3
-10
2
-2
-10
2
-1
-10
2
0
-10
2
1
-10
2
2
-10
2
3
-10
2
4
-10
2
5
-10
2
6
-10
16
-3
-5
16
-3
-6
16
-3
-7
16
-3
-8
16
-3
-9
16
7
-5
16
8
-6
16
9
-7
16
10
-8
16
11
-9
2
7
-10
2
8
-10
2
9
-10
2
10
-10
2
11
-10
2
12
-10
2
12
-3
2
12
-4
2
12
-5
2
12
-6
2
12
-7
2
12
-8
2
12
-9
9
-8
10
9
-7
10
9
-6
10
9
-6
9
9
-6
8
9
-6
7
9
-6
6
9
-6
5
9
-6
4
7
-5
4
7
-4
4
7
-3
4
7
-2
4
7
-1
4
7
0
4
7
1
4
7
2
4
7
3
4
7
4
4
7
5
4
7
6
4
8
5
8
8
5
9
8
5
10
8
5
11
8
5
12
2
-13
-1
2
-12
-1
2
-11
-1
8
5
13
8
5
14
8
7
14
8
8
14
8
9
14
8
10
14
3
7
4
3
8
4
3
8
5
3
7
5
3
7
6
3
7
7
3
7
8
3
8
8
3
8
7
3
8
6
3
7
9
3
8
9
6
9
4
6
9
5
6
9
6
6
9
7
6
9
8
6
9
9
4
6
5
4
6
6
4
6
7
4
6
8
4
6
9
4
6
10
4
6
11
4
6
12
4
7
12
4
8
12
4
9
12
4
10
12
4
11
12
4
12
12
4
7
11
4
8
11
4
9
11
3
10
11
3
11
11
3
12
11
6
9
10
3
7
10
3
8
10
8
6
13
5
7
13
5
8
13
5
9
13
5
10
13
5
11
13
5
12
13
5
14
13
5
13
13
5
13
12
5
13
11
5
13
10
5
13
9
5
13
8
5
13
7
5
13
6
5
13
5
5
13
4
5
13
3
8
6
3
8
6
2
8
6
1
8
6
0
8
6
-1
8
6
-2
8
6
-3
8
5
3
8
5
1
8
5
0
8
5
-1
8
5
-2
8
5
-3
8
5
2
8
7
3
8
8
3
8
9
3
8
10
3
9
10
4
9
10
5
9
10
6
9
10
7
9
10
8
9
10
9
9
10
10
9
11
10
9
12
10
9
12
9
9
12
8
9
12
7
9
12
6
9
12
5
9
12
4
9
11
3
9
12
3
8
7
2
8
7
1
8
8
2
8
7
0
8
8
0
8
8
1
8
9
2
8
9
1
8
10
2
2
7
-1
5
12
2
4
11
2
4
10
1
4
9
0
4
8
-1
2
7
-2
2
7
-3
9
7
-4
6
14
12
6
14
11
6
14
10
6
14
9
6
14
8
6
14
7
6
14
6
6
14
5
6
14
4
6
14
3
6
14
2
6
14
1
6
13
0
5
13
2
6
12
-1
6
12
-2
5
13
1
5
12
1
5
11
1
5
11
0
5
12
0
5
10
0
5
10
-1
5
10
-2
5
11
-2
5
11
-1
5
9
-1
5
9
-2
5
8
-2
9
-19
-8
2
-19
-7
9
-19
-9
9
-19
-10
9
-19
-11
9
-18
-11
9
-17
-11
9
-16
-11
9
-20
-5
2
-15
-11
1
-19
-5
9
-15
7
9
-20
-4
9
-20
-3
17
3
0
18
0
-5
18
0
-6
18
0
-7
18
0
-8
18
0
-9
18
-5
3
18
-5
2
18
-5
1
18
-5
0
18
-5
-1
18
-5
-2
18
-5
-3
8
6
14
8
11
14
8
12
14
8
13
14
8
14
14
8
15
14
8
15
13
8
15
12
8
15
11
8
15
10
8
15
9
8
15
8
8
15
7
8
15
6
8
15
5
8
15
4
8
15
3
8
15
2
8
15
1
8
15
0
6
13
-1
6
13
-2
3
14
0
8
-14
-11
8
-12
-11
2
-11
-11
2
-10
-11
8
-9
-11
8
-8
-11
8
-13
-11
8
-18
-10
8
-18
-9
8
-17
-10
3
14
-1
3
14
-2
3
14
-3
3
13
-3
3
13
-4
3
13
-5
3
13
-6
3
13
-7
3
13
-8
3
13
-9
3
13
-10
3
14
-10
3
14
-9
3
14
-8
3
14
-7
3
14
-6
3
14
-5
3
14
-4
6
15
-1
6
15
-2
6
15
-3
6
15
-4
6
15
-5
6
15
-6
6
15
-7
6
15
-8
6
15
-9
6
15
-10
1000000
