2
1
-1
2
0
-1
2
-1
-1
2
-2
-1
2
-3
-1
2
-4
-1
2
-4
0
2
-4
1
2
-4
2
2
-4
3
2
-4
5
2
-4
4
2
-3
5
2
-2
5
2
-1
5
2
0
5
2
1
5
2
2
5
2
3
5
2
4
5
2
2
-1
2
3
-1
2
4
-1
2
5
5
2
6
5
2
7
5
2
8
5
2
9
5
2
10
5
2
11
5
2
12
5
2
13
5
2
14
5
2
15
5
2
4
-2
2
4
-3
2
4
-4
2
4
-5
2
4
-6
2
4
-7
2
4
-8
2
4
-9
8
8
4
8
8
3
8
8
2
8
8
1
2
4
-13
2
4
-12
2
4
-11
2
4
-10
2
12
-1
2
12
-2
8
17
0
8
16
0
2
15
0
2
12
0
2
16
5
2
13
0
2
12
-3
2
12
-4
2
12
-5
2
12
-6
2
12
-7
2
12
-8
2
12
-9
2
12
-10
2
12
-11
2
12
-12
2
12
-13
2
14
0
2
18
0
2
18
1
2
18
2
2
18
3
2
18
4
2
18
5
2
18
6
2
18
7
2
18
8
2
18
10
2
17
10
2
16
10
2
18
9
2
15
10
2
14
10
2
13
10
2
12
10
8
11
10
14
5
6
14
5
7
14
5
8
14
5
9
14
5
10
8
11
11
8
11
12
8
11
13
14
5
13
14
5
12
14
5
11
8
12
19
14
5
14
8
5
19
8
6
19
8
7
19
8
8
19
8
9
19
8
10
19
8
11
19
14
5
18
14
5
17
14
5
16
14
5
15
8
13
19
8
14
19
8
15
19
8
16
19
8
17
19
14
12
13
14
13
13
14
14
13
14
15
13
14
16
13
14
17
13
14
18
13
8
18
19
8
18
18
8
18
17
8
18
16
14
19
13
14
20
13
14
21
13
14
19
19
14
20
19
14
21
19
14
22
19
14
23
19
14
24
19
14
25
19
14
26
19
14
22
13
14
23
13
14
24
13
14
25
13
14
26
13
14
27
13
14
28
13
14
29
13
14
30
13
14
31
13
14
32
13
14
27
19
14
28
19
14
29
19
14
30
19
14
31
19
14
32
19
14
55
19
14
56
19
14
57
19
14
58
19
14
59
19
14
60
19
14
33
13
14
34
13
14
35
13
14
36
13
14
37
13
14
38
13
14
41
13
14
42
13
14
43
13
14
40
13
14
39
13
14
33
19
14
34
19
14
35
19
14
36
19
14
37
19
14
38
19
14
40
19
14
41
19
14
42
19
14
43
19
14
39
19
14
61
19
14
62
19
14
44
19
14
45
19
14
46
19
14
47
19
14
48
19
14
49
19
14
50
19
14
51
19
14
52
19
14
53
19
14
54
19
14
63
19
14
64
19
14
65
19
14
44
13
14
45
13
14
46
13
14
47
13
14
48
13
14
50
13
14
51
13
14
53
13
14
52
13
14
49
13
14
66
19
14
67
19
14
68
19
14
70
19
8
72
14
14
54
13
14
69
19
8
72
15
8
73
15
8
73
14
14
71
19
14
70
13
14
69
13
14
68
13
14
67
13
14
66
13
14
65
13
14
64
13
14
62
13
14
61
13
14
60
13
14
59
13
14
58
13
14
57
13
14
56
13
14
55
13
8
22
14
8
30
14
8
31
14
14
63
13
8
42
14
8
40
14
8
41
14
8
51
14
8
51
15
8
61
14
8
62
14
8
63
14
8
62
15
14
72
19
14
73
19
14
74
19
14
75
19
14
76
19
14
77
19
14
78
19
14
78
18
14
78
17
14
78
16
14
78
15
14
78
14
14
78
13
14
77
13
14
76
13
14
75
13
14
74
13
14
73
13
14
72
13
14
71
13
1
76
15
1000000
