9
0
-1
9
-1
-1
9
-2
-1
9
-3
-1
9
-4
-1
9
-4
0
9
-4
1
9
-4
2
9
-4
3
9
-4
4
9
-3
4
9
-2
4
9
-1
4
9
0
4
9
1
4
9
2
4
9
3
4
9
4
4
9
5
4
9
6
4
9
6
3
9
6
2
9
6
1
9
6
0
9
6
-1
9
5
-1
9
4
-1
9
6
14
9
5
13
9
4
12
9
3
11
9
1
9
9
2
10
9
5
14
9
4
14
9
2
14
9
14
6
9
6
13
9
13
6
9
12
6
9
11
6
9
11
5
9
11
4
9
11
3
9
11
2
9
11
1
9
11
0
9
12
0
9
13
0
9
14
0
9
15
1
9
15
2
9
15
0
9
14
2
9
16
2
9
11
-3
9
11
-4
9
11
-5
9
12
-3
9
13
-3
9
14
-3
9
15
-3
9
15
-4
9
13
-7
9
15
-5
9
15
-6
9
17
-9
9
16
-10
9
17
-8
9
15
-7
9
14
-7
9
12
-7
9
11
-7
9
17
-10
9
16
-11
9
11
-6
9
15
-12
9
15
-11
9
14
-13
9
14
-12
9
12
-14
9
12
-15
9
4
-2
9
4
-3
9
5
-3
9
6
-3
9
7
-3
9
8
-3
9
9
-3
9
10
-3
9
0
-2
9
0
-3
9
0
-4
9
0
-5
9
0
-6
9
1
-6
8
1
-7
8
3
-7
8
4
-7
8
5
-7
8
6
-7
8
2
-7
10
12
-4
10
12
-5
10
12
-6
10
13
-6
10
14
-6
10
14
-5
10
14
-4
10
13
-4
10
13
-5
9
7
-7
9
8
-7
9
8
-8
9
8
-9
13
8
-10
9
11
-8
9
11
-9
9
10
-9
9
10
-10
9
10
-11
9
10
-12
9
10
-13
9
10
-14
9
9
-14
9
7
-10
9
8
-14
13
7
-14
13
6
-10
9
5
-10
9
4
-10
9
6
-14
13
5
-14
9
4
-14
9
4
-15
7
4
-16
7
4
-17
13
3
-10
9
2
-10
9
1
-10
9
1
-11
9
1
-12
7
4
-18
7
4
-19
7
4
-20
7
4
-21
9
1
-13
9
1
-14
9
1
-15
8
-2
-24
10
-13
-35
9
-10
-23
8
4
-26
8
3
-26
9
-3
-24
9
-4
-24
9
-6
-24
9
-7
-23
9
-8
-23
9
-9
-23
8
2
-26
8
1
-26
9
-5
-24
8
0
-26
9
-7
-24
8
-1
-26
8
-2
-26
8
-2
-25
8
-1
-25
8
0
-25
8
1
-25
8
2
-25
8
3
-25
8
4
-25
8
3
-24
8
2
-24
8
1
-24
8
0
-24
8
-1
-24
9
-11
-23
9
-12
-23
13
-13
-34
9
-13
-23
13
-14
-34
13
-14
-35
13
-14
-36
13
-13
-36
13
-12
-36
9
-21
-23
9
-24
-21
9
-22
-23
9
-23
-22
9
-25
-21
9
-26
-21
9
-27
-21
13
-20
-23
13
-19
-22
13
-18
-22
13
-17
-22
13
-16
-22
13
-14
-23
13
-15
-23
13
-15
-22
13
-19
-23
13
-17
-23
13
-16
-23
13
-18
-23
9
-28
-22
9
-29
-23
9
-30
-24
9
-31
-25
9
-32
-26
8
-27
-22
8
-26
-22
8
-25
-22
8
-24
-22
8
-24
-23
8
-23
-23
8
-25
-23
8
-26
-23
8
-27
-23
8
-28
-23
8
-28
-24
8
-27
-24
8
-26
-24
8
-25
-24
8
-24
-24
8
-23
-24
8
-29
-24
8
-22
-24
8
-36
-26
8
-37
-26
8
-38
-26
8
-39
-26
8
-40
-26
9
-33
-26
9
-34
-26
9
-35
-26
9
-41
-26
9
-42
-27
9
-43
-28
9
-44
-28
9
-45
-28
9
-46
-28
2
-54
-38
2
-55
-38
2
-56
-38
2
-57
-38
2
-58
-38
8
-47
-29
8
-48
-30
8
-49
-31
8
-50
-32
8
-51
-33
8
-52
-34
8
-53
-35
8
-53
-36
8
-53
-37
8
-53
-38
8
-52
-38
8
-51
-38
8
-50
-38
8
-49
-38
8
-48
-38
8
-47
-38
8
-47
-30
8
-47
-31
8
-47
-32
8
-47
-33
8
-47
-34
8
-47
-35
8
-47
-36
8
-47
-37
8
-48
-37
8
-49
-37
8
-50
-37
8
-51
-37
8
-52
-37
8
-52
-36
8
-51
-36
8
-50
-36
8
-49
-36
8
-48
-36
8
-48
-35
8
-49
-35
8
-50
-35
8
-51
-35
8
-52
-35
8
-51
-34
8
-50
-34
8
-49
-34
8
-48
-34
8
-48
-33
8
-49
-33
8
-50
-33
8
-49
-32
8
-48
-32
8
-48
-31
3
-59
-38
3
-60
-38
3
-61
-38
3
-62
-38
3
-63
-38
3
-70
-31
3
-64
-37
3
-69
-32
3
-65
-36
3
-67
-34
3
-66
-34
3
-66
-35
3
-65
-35
3
-64
-36
3
-63
-37
6
-62
-35
6
-60
-37
6
-61
-37
3
-68
-33
3
-67
-33
3
-69
-31
3
-68
-32
6
-62
-37
6
-62
-36
6
-63
-36
6
-63
-35
6
-64
-35
6
-64
-34
6
-65
-34
3
-70
-30
3
-71
-29
3
-72
-28
3
-73
-27
3
-74
-26
3
-75
-25
3
-75
-26
3
-74
-27
3
-73
-28
3
-72
-29
3
-71
-30
6
-65
-33
6
-67
-32
6
-66
-33
6
-66
-32
4
-67
-31
6
-68
-31
6
-68
-30
6
-69
-30
6
-69
-29
6
-70
-29
6
-70
-28
6
-71
-28
6
-71
-27
6
-74
-25
6
-73
-25
6
-73
-26
6
-72
-26
6
-72
-27
2
-74
-21
6
-74
-24
6
-73
-24
6
-72
-25
6
-71
-26
4
-70
-27
6
-68
-29
6
-67
-30
6
-66
-31
6
-70
-26
6
-69
-28
6
-63
-34
6
-68
-28
6
-61
-36
6
-60
-36
2
-75
-21
2
-76
-21
2
-77
-21
2
-78
-21
2
-78
-22
2
-78
-23
2
-78
-24
2
-78
-25
2
-78
-26
2
-78
-27
2
-79
-27
2
-80
-27
7
-85
-30
2
-76
-30
2
-77
-30
2
-78
-30
2
-79
-30
2
-80
-30
2
-81
-30
4
-67
-29
6
-65
-32
6
-64
-33
6
-62
-34
6
-61
-35
6
-60
-35
6
-59
-37
6
-59
-36
4
-64
-32
6
-65
-31
6
-66
-30
6
-67
-28
6
-68
-27
6
-69
-26
6
-70
-25
6
-72
-24
5
-73
-23
6
-71
-25
4
-69
-27
6
-66
-29
6
-64
-30
6
-64
-31
6
-63
-31
6
-63
-32
6
-63
-33
6
-62
-33
6
-61
-34
6
-59
-35
6
-60
-34
6
-61
-33
6
-65
-30
8
-67
-19
8
-66
-19
8
-66
-20
8
-65
-20
8
-65
-21
8
-64
-21
8
-64
-22
8
-63
-22
8
-62
-23
8
-61
-24
8
-60
-24
8
-60
-25
8
-59
-25
8
-62
-24
6
-63
-23
5
-73
-22
5
-72
-22
6
-72
-23
4
-71
-24
6
-70
-24
6
-67
-27
4
-66
-28
6
-64
-28
6
-63
-29
4
-62
-30
6
-61
-32
6
-60
-32
6
-59
-33
6
-59
-34
6
-60
-33
6
-62
-32
6
-63
-30
4
-61
-31
6
-62
-31
6
-65
-28
6
-65
-29
4
-64
-29
6
-67
-25
6
-68
-25
4
-69
-24
6
-71
-23
6
-71
-22
6
-70
-23
6
-69
-25
6
-68
-26
6
-67
-26
4
-66
-27
6
-65
-27
6
-63
-28
6
-62
-29
6
-61
-30
6
-60
-31
6
-59
-32
6
-59
-29
6
-59
-31
6
-59
-30
6
-60
-30
6
-61
-29
6
-61
-28
4
-63
-27
6
-64
-26
6
-65
-25
6
-66
-25
6
-67
-24
5
-69
-22
5
-70
-21
5
-71
-21
5
-72
-20
5
-70
-20
5
-68
-22
6
-67
-23
6
-66
-24
6
-65
-26
6
-64
-27
6
-66
-26
5
-73
-21
5
-73
-20
5
-72
-21
5
-71
-20
5
-68
-21
5
-69
-21
5
-69
-20
5
-68
-20
5
-67
-20
5
-67
-21
5
-66
-22
5
-66
-21
5
-67
-22
5
-65
-22
6
-65
-23
5
-64
-24
5
-63
-24
6
-64
-23
5
-63
-25
5
-62
-25
5
-61
-25
5
-61
-26
5
-60
-26
5
-59
-26
6
-70
-22
6
-69
-23
4
-68
-23
6
-68
-24
6
-66
-23
6
-65
-24
6
-64
-25
6
-62
-27
6
-62
-28
6
-62
-26
6
-63
-26
6
-61
-27
6
-60
-27
6
-59
-27
6
-59
-28
6
-60
-29
6
-60
-28
5
-82
-30
5
-83
-30
5
-84
-30
7
-86
-30
7
-87
-30
7
-87
-31
7
-87
-32
7
-88
-32
7
-89
-32
7
-90
-32
7
-91
-32
7
-92
-32
7
-93
-31
7
-94
-30
6
-85
-29
6
-88
-31
6
-91
-31
3
-92
-31
3
-93
-30
3
-94
-29
6
-92
-30
6
-93
-29
6
-94
-28
9
-95
-30
9
-96
-30
9
-97
-30
9
-98
-30
9
-100
-30
9
-99
-30
9
-111
-34
9
-111
-35
9
-111
-36
9
-111
-37
9
-111
-38
9
-111
-39
9
-110
-36
9
-104
-34
9
-109
-37
9
-109
-34
9
-108
-33
9
-105
-34
9
-103
-34
9
-102
-34
9
-105
-36
9
-104
-36
9
-103
-36
9
-102
-36
9
-102
-37
9
-103
-38
9
-104
-39
9
-99
-34
9
-98
-34
9
-97
-34
9
-96
-34
9
-96
-35
9
-96
-36
9
-95
-33
9
-97
-38
9
-98
-38
9
-99
-38
9
-94
-32
9
-96
-38
9
-96
-37
9
-92
-35
9
-91
-36
9
-92
-39
9
-91
-39
9
-90
-39
9
-89
-38
9
-88
-37
9
-87
-36
15
-109
-20
16
-101
-30
16
-102
-30
16
-103
-30
16
-104
-30
16
-105
-30
16
-106
-30
16
-107
-30
16
-108
-30
16
-109
-30
16
-110
-30
16
-111
-30
16
-112
-30
16
-113
-30
16
-115
-30
16
-114
-30
16
-116
-30
16
-117
-30
8
-101
-31
8
-110
-29
8
-111
-29
8
-112
-29
8
-112
-28
8
-111
-28
8
-110
-28
8
-102
-31
8
-103
-31
8
-104
-31
8
-105
-31
8
-106
-31
8
-107
-31
8
-108
-31
8
-109
-31
8
-110
-31
8
-111
-31
8
-112
-31
8
-113
-31
8
-114
-31
8
-115
-31
8
-116
-31
8
-117
-31
8
-118
-31
8
-119
-31
8
-120
-31
16
-118
-30
16
-119
-30
16
-120
-30
2
-121
-30
2
-122
-30
2
-123
-30
2
-124
-30
2
-124
-29
2
-124
-28
2
-125
-28
2
-126
-28
2
-127
-28
2
-128
-28
2
-129
-28
2
-130
-28
8
-130
-16
2
-130
-17
2
-130
-18
2
-130
-19
2
-130
-20
2
-130
-22
2
-130
-23
2
-130
-24
2
-130
-25
2
-130
-26
2
-130
-27
2
-130
-21
8
-130
-15
9
-126
-14
2
-127
-14
2
-127
-15
2
-127
-16
2
-127
-17
2
-127
-18
2
-127
-19
2
-127
-20
2
-127
-21
2
-127
-22
2
-127
-23
2
-127
-24
9
-125
-14
9
-124
-14
9
-123
-14
9
-123
-13
9
-123
-12
9
-123
-11
9
-123
-10
9
-123
-9
9
-123
-8
9
-123
-7
9
-124
-7
9
-125
-7
9
-126
-7
9
-127
-7
9
-128
-7
9
-129
-7
9
-130
-7
9
-131
-7
9
-131
-8
9
-132
-8
9
-132
-9
9
-133
-9
6
-129
-13
6
-128
-12
8
-131
-15
8
-132
-15
9
-134
-9
9
-134
-10
9
-134
-11
9
-134
-12
9
-133
-14
9
-132
-14
1
-124
-8
6
-128
-14
10
10
18
8
-55
-37
8
-54
-36
8
-54
-37
8
-55
-36
8
-54
-35
8
-53
-34
8
-52
-33
8
-51
-32
8
-50
-31
8
-49
-30
8
-48
-29
8
-47
-28
8
-49
-29
3
-82
-31
8
-50
-30
8
-51
-30
8
-51
-31
8
-52
-31
8
-52
-32
8
-53
-32
8
-53
-33
8
-54
-34
3
-83
-31
3
-84
-31
8
-113
-28
8
-113
-29
8
-112
-27
8
-111
-27
9
-131
-14
9
-130
-14
6
-129
-12
6
-128
-13
9
-134
-13
9
6
12
9
6
11
9
6
10
9
3
14
9
-134
-14
1000000
