2
-2
-1
2
-1
-1
2
0
-1
2
1
-1
2
2
-1
2
3
-1
2
-3
-1
2
-9
-1
2
-8
-1
2
-7
-1
2
-6
-1
2
-5
-1
2
-4
-1
2
4
-1
2
5
-1
2
6
-1
2
7
-1
2
8
-1
2
9
-1
16
-9
0
16
-9
1
16
-9
2
16
-9
3
16
-8
3
16
-7
3
16
-6
3
16
-5
3
16
-4
3
16
-3
3
16
-2
3
16
-1
3
16
0
3
16
1
3
16
2
3
16
3
3
16
4
3
16
5
3
16
6
3
16
7
3
16
8
3
16
9
3
16
9
2
16
9
1
16
9
0
10
-10
15
10
-10
14
10
-10
16
10
-10
12
10
-11
15
10
-9
14
10
-12
13
10
-13
12
10
-14
12
10
-9
15
10
-13
10
10
-12
10
10
-12
9
10
-13
9
10
-9
16
10
-12
12
10
-10
13
10
-14
11
10
-15
8
10
-16
8
10
-15
7
10
-16
7
10
-17
7
10
-17
6
10
-17
5
10
-8
16
10
-18
4
10
-19
5
10
-19
6
10
-19
7
10
-18
6
10
-15
6
10
-15
5
10
-14
5
10
-15
4
10
-16
4
10
-16
3
10
-17
3
10
-17
2
10
-17
1
10
-13
8
10
-13
7
10
-7
17
10
-7
16
10
-7
15
10
-6
15
10
-5
15
10
-4
15
10
-4
16
10
-4
17
10
-4
18
10
-3
18
10
-3
19
10
-2
19
10
-1
19
10
-1
20
10
-1
21
10
0
21
10
2
18
10
3
19
10
3
20
10
4
21
10
4
22
10
5
22
10
4
18
10
5
18
10
5
17
10
6
17
10
6
16
10
7
16
10
7
15
10
8
15
10
8
16
10
-16
1
10
-16
0
10
-15
0
10
-15
-1
10
-16
-1
10
-17
-1
10
-17
-2
10
-16
-2
10
-16
-3
10
-16
-4
10
-17
-4
10
-18
-4
10
-18
-5
10
-17
-5
15
-21
-4
2
10
-1
10
3
26
10
3
25
10
2
25
10
0
26
10
-1
26
10
-2
26
10
-2
25
10
-5
25
10
-6
25
10
-6
24
10
-6
22
10
-7
22
10
-8
24
10
-9
24
10
-8
23
10
-10
23
10
-12
23
10
-12
22
10
-12
21
10
-12
20
10
-12
19
10
-13
19
10
-14
19
10
-15
19
10
-17
19
10
-16
18
10
-19
16
10
-19
15
10
-20
14
10
-21
14
10
-20
15
10
-20
17
10
-20
18
10
-17
18
10
-19
17
10
-21
16
10
-23
14
10
-23
12
10
-24
11
10
-24
10
10
-25
10
10
-25
11
10
-24
13
10
-24
14
10
-25
15
10
-26
14
10
-26
11
10
-27
10
10
-28
9
10
-29
9
10
-30
8
10
-32
8
10
-31
7
10
-31
6
10
-30
5
10
-30
4
10
-29
4
10
-26
4
10
-26
3
10
-26
1
10
-27
0
10
-29
0
10
-29
-1
10
-28
-2
10
-27
-2
10
-27
-3
10
-25
-4
10
-25
-5
10
-24
-6
10
-28
0
10
-29
1
10
-30
2
10
-30
3
10
-31
3
10
-20
2
10
-19
0
10
-19
-1
10
-18
-1
10
-25
1
10
-25
2
10
-24
2
10
-24
3
10
-26
7
10
-25
7
10
-22
10
10
-22
9
10
24
14
10
-24
-2
10
-25
-2
10
-25
-3
9
24
0
9
27
2
9
31
4
9
31
7
9
28
8
9
25
6
9
24
3
9
18
4
9
20
6
9
14
7
9
14
4
9
11
-5
9
15
-7
14
21
-7
9
12
2
9
16
1
9
20
0
14
14
-4
14
16
-5
14
29
-6
14
33
-5
14
38
-3
9
28
0
9
32
2
9
35
4
9
42
-3
9
15
-11
9
24
-12
9
27
-10
9
30
-13
9
33
-8
9
38
-6
9
39
-11
9
35
-12
9
19
-14
9
19
-10
9
9
-12
9
7
-9
9
10
-17
9
20
-19
9
25
-16
9
14
-16
9
26
-18
9
31
-17
9
34
-15
9
41
-17
9
43
-12
9
43
-7
9
43
-3
9
44
-3
9
39
6
9
36
9
9
33
12
9
29
15
9
26
11
9
20
9
9
19
12
9
14
14
9
10
11
9
10
8
4
25
-4
9
45
-3
9
46
-3
9
47
-3
9
48
-3
9
49
-3
9
50
-3
9
51
-3
9
52
-3
9
53
-3
14
38
4
9
41
-3
8
48
-14
9
54
-3
9
55
-3
9
56
-3
9
57
-3
9
58
-3
8
58
0
8
59
0
8
60
0
8
61
0
8
62
0
8
63
0
8
64
0
8
65
0
8
66
0
8
67
0
8
68
0
8
69
0
8
70
0
8
71
0
8
72
0
8
44
-4
8
44
-5
8
44
-6
8
44
-7
8
44
-8
8
44
-9
8
44
-10
8
44
-11
8
44
-12
8
44
-13
8
44
-14
8
44
-15
8
44
-16
8
44
-17
8
44
-18
8
44
-19
8
44
-20
8
44
-21
8
44
-22
8
44
-23
10
58
-14
8
72
-1
8
72
-2
8
72
-3
8
72
-4
8
72
-5
8
72
-6
8
72
-7
8
72
-8
8
72
-9
8
72
-10
8
72
-12
8
72
-13
8
72
-14
8
72
-11
8
72
-15
8
72
-16
8
72
-18
8
72
-19
8
72
-20
8
72
-21
8
72
-22
8
72
-17
8
58
-28
8
59
-28
8
60
-28
8
61
-28
8
63
-28
8
62
-28
8
64
-28
8
65
-28
8
66
-28
8
67
-28
8
68
-28
8
69
-28
8
70
-28
8
71
-28
8
72
-28
8
72
-27
8
72
-26
8
72
-25
8
72
-24
8
72
-23
8
66
-25
8
69
-22
8
66
-2
8
70
-6
8
57
-28
8
56
-28
8
55
-28
8
54
-28
8
53
-28
8
52
-28
8
50
-28
8
49
-28
8
48
-28
8
47
-28
8
46
-28
8
51
-28
8
44
-24
8
44
-25
8
44
-26
8
44
-27
8
44
-28
8
45
-28
1
46
-14
8
53
-13
8
56
-12
8
54
-9
8
49
-7
8
53
-5
8
47
-10
8
51
-11
8
57
-7
8
49
-26
8
46
-22
4
26
-4
4
24
-4
4
16
-2
4
15
-2
4
35
-1
4
36
-1
1000000
