13
-1
-1
2
0
-1
2
-1
0
2
-1
1
2
-1
2
2
-1
3
2
-1
4
2
-1
5
2
-1
6
2
-1
7
2
-1
8
2
-1
9
2
-1
10
2
-1
11
2
-1
13
2
-1
12
9
-3
13
9
0
13
9
15
-19
9
-4
13
9
-5
13
9
-6
13
9
-7
13
9
-8
13
9
-9
13
9
-10
13
9
-11
13
9
-12
13
9
-13
13
9
-14
13
9
-15
13
9
12
13
9
19
-19
9
20
-19
9
16
-19
9
17
-19
9
18
-19
9
21
-19
9
22
-19
9
24
-19
9
25
-19
9
26
-19
9
27
-19
9
28
-19
9
29
-19
9
23
-19
9
1
13
9
2
13
9
3
13
9
4
13
9
5
13
9
6
13
9
7
13
9
8
13
9
9
13
9
10
13
9
11
13
9
13
13
15
38
-3
9
14
13
9
30
-19
9
31
-19
9
-17
-19
9
-18
-19
9
-19
-19
9
-28
-19
9
-29
-19
9
-30
-19
4
-31
-18
9
-23
-19
9
-22
-19
9
-20
-19
9
-21
-19
9
-24
-19
9
-31
-19
4
-30
-18
9
-27
-19
9
-26
-19
9
-25
-19
4
-29
-18
4
-28
-18
4
-27
-18
4
-26
-18
4
-25
-18
4
-24
-18
4
-23
-18
4
-22
-18
4
-21
-18
4
-20
-18
4
-19
-18
4
-18
-18
4
-17
-18
4
-16
-18
6
14
-18
6
15
-18
6
16
-18
6
17
-18
6
18
-18
6
19
-18
6
20
-18
6
21
-18
4
-15
-18
4
-14
-18
4
-13
-18
4
-12
-18
4
-11
-18
4
-10
-18
4
-9
-18
4
-8
-18
4
-7
-18
4
-6
-18
4
-5
-18
4
-4
-18
4
-3
-18
4
-2
-18
3
-1
-11
6
1
-18
6
2
-18
6
3
-18
6
4
-18
6
5
-18
9
14
-19
6
22
-18
6
23
-18
6
24
-18
9
-16
-19
6
6
-18
6
7
-18
6
8
-18
6
9
-18
6
25
-18
6
26
-18
6
27
-18
6
10
-18
6
11
-18
6
12
-18
6
13
-18
6
0
-18
3
-1
-10
3
-1
-9
3
-1
-19
3
-1
-16
3
-1
-15
3
-1
-14
3
-1
-13
3
-1
-12
3
-1
-8
3
-1
-2
3
-1
-3
3
-1
-4
3
-1
-5
3
-1
-6
3
-1
-7
9
-3
-19
9
-4
-19
9
-5
-19
9
-6
-19
9
-7
-19
9
-8
-19
9
-9
-19
9
-10
-19
9
-11
-19
9
-12
-19
9
-13
-19
9
-14
-19
9
-15
-19
9
1
-19
9
3
-19
9
6
-19
9
7
-19
9
8
-19
9
9
-19
9
10
-19
9
11
-19
9
12
-19
9
13
-19
9
5
-19
9
4
-19
9
2
-19
13
33
3
16
49
-3
14
52
19
4
50
20
4
50
21
9
-2
-19
9
50
22
9
0
-19
8
49
6
8
49
7
8
49
8
8
49
9
9
51
22
16
49
5
16
49
4
16
49
3
16
49
2
8
49
10
8
49
11
8
49
12
8
49
13
8
49
14
8
49
15
8
49
16
8
49
17
8
49
18
9
38
18
9
38
17
9
38
16
9
38
15
9
38
14
9
38
13
9
38
12
9
38
11
9
38
10
9
38
9
9
38
8
9
38
7
9
38
6
9
38
5
9
38
4
9
38
3
9
38
2
9
38
1
9
38
0
9
38
-1
9
38
-2
16
50
-3
16
51
-3
8
49
19
8
49
20
8
49
21
9
49
22
9
52
22
9
53
22
9
54
22
9
55
22
14
53
19
9
56
22
16
49
1
16
49
0
9
-1
14
9
-1
15
16
49
-1
16
49
-2
9
-1
16
16
52
-3
9
50
-4
9
57
22
9
58
22
9
59
22
9
60
22
9
61
22
9
62
22
9
63
22
9
64
22
9
65
22
9
66
22
9
67
22
9
68
22
9
69
22
2
34
13
3
35
13
3
36
13
3
37
13
13
-17
13
6
28
-18
6
29
-18
6
30
-18
6
31
-18
13
16
14
9
-1
19
9
39
19
9
39
20
9
-1
21
9
-1
22
9
-1
23
9
-1
24
8
52
7
8
52
8
8
52
9
8
52
10
8
52
11
8
52
12
8
52
13
8
52
14
8
52
15
8
52
16
8
52
18
14
54
19
14
55
19
14
56
19
4
51
21
8
52
17
4
51
20
14
53
18
9
38
24
9
37
24
9
36
24
9
35
24
9
34
24
9
33
24
16
53
-3
16
54
-3
16
55
-3
16
56
-3
9
-1
17
9
-1
18
16
57
-3
16
58
-3
16
59
-3
16
60
-3
16
61
-3
9
70
22
9
71
22
9
72
22
9
73
22
9
74
22
9
75
22
9
76
22
9
39
21
9
39
22
9
39
23
9
39
24
9
39
18
9
77
22
9
78
22
9
78
21
9
78
20
2
52
5
2
53
5
14
57
19
14
58
19
14
59
19
14
60
19
14
61
19
14
62
19
14
63
19
14
64
19
14
65
19
14
66
19
14
67
19
14
68
19
14
69
19
14
70
19
14
71
19
14
72
19
14
73
19
14
74
19
14
75
19
14
76
19
2
75
5
2
74
5
2
73
5
13
50
-5
2
72
5
2
71
5
2
70
5
2
69
5
14
53
6
4
54
6
4
56
6
4
57
6
4
58
6
4
55
6
4
59
6
4
60
6
4
61
6
4
62
6
8
52
6
4
63
6
4
64
6
4
65
6
4
66
6
4
67
6
4
68
6
4
69
6
4
70
6
4
71
6
4
72
6
4
73
6
4
74
6
4
75
6
6
77
6
3
76
5
2
68
5
3
76
8
3
76
9
4
76
18
2
67
5
2
66
5
14
53
17
14
53
16
14
53
15
14
53
14
14
53
13
14
53
12
14
53
11
14
53
10
14
53
9
14
53
8
14
53
7
2
54
5
2
55
5
2
56
5
4
76
17
1
57
15
9
-1
20
3
76
14
3
76
15
2
64
5
2
62
5
2
63
5
2
65
5
2
60
5
2
59
5
2
61
5
2
58
5
2
57
5
3
76
16
2
78
19
2
78
18
2
78
16
2
78
15
2
78
13
2
78
12
2
78
11
2
78
10
2
78
9
2
78
7
2
78
6
2
78
5
2
77
5
2
78
8
2
78
14
2
78
17
2
77
10
2
33
13
13
33
4
13
33
5
13
33
6
13
33
7
13
33
8
13
33
9
13
33
10
13
33
11
13
33
12
1000000
