2
0
-1
2
1
-1
2
2
-1
2
3
-1
2
4
-1
2
5
-1
2
-1
-1
2
-2
-1
2
-2
0
2
-2
1
2
-2
2
2
-2
3
2
-2
4
2
-2
5
2
-2
6
2
-2
7
2
-2
8
2
-2
9
2
-2
10
2
-1
10
2
0
10
2
1
10
2
2
10
2
3
10
2
4
10
2
5
10
2
6
10
2
7
10
2
8
10
2
9
10
2
11
10
2
6
0
2
6
-1
2
7
0
2
8
0
2
9
0
2
10
0
2
11
0
2
12
0
2
13
0
2
12
-1
2
11
-1
2
10
-1
2
9
-1
2
8
-1
2
7
-1
2
13
-1
2
14
-1
2
14
0
2
14
1
2
14
2
2
15
2
2
15
1
2
16
2
2
16
1
2
15
0
2
15
-1
2
16
-1
2
17
-1
2
17
0
2
16
0
2
17
2
2
17
1
2
12
10
2
21
4
2
13
10
2
10
10
2
18
0
2
18
-1
2
19
-1
2
19
0
2
20
0
2
21
0
2
21
-1
2
20
-1
2
22
-1
2
23
-1
2
24
-1
2
25
-1
2
26
10
2
14
10
2
15
10
2
25
0
2
25
1
2
25
2
2
25
3
2
25
4
2
25
5
2
25
6
2
27
10
2
28
10
2
25
10
2
29
10
2
16
10
2
17
10
2
18
10
2
19
10
2
30
10
2
20
10
2
21
10
2
22
10
2
23
10
2
24
10
2
26
-1
2
27
-1
2
28
-1
2
29
-1
2
30
-1
2
31
-1
2
32
-1
2
33
-1
2
34
-1
2
35
-1
2
36
-1
2
31
10
2
32
10
2
33
10
2
35
10
2
36
10
2
37
10
2
34
10
2
37
-1
2
37
0
2
37
1
2
37
2
2
37
3
2
37
4
2
37
5
2
37
6
2
38
10
2
39
10
2
40
10
2
41
10
2
42
10
2
38
6
2
39
6
2
40
6
2
41
6
2
42
6
2
43
6
2
44
6
2
45
6
2
46
6
2
47
9
2
46
9
2
47
6
2
47
7
2
47
8
2
47
10
2
47
11
2
47
12
2
47
13
2
47
14
2
47
15
2
47
16
5
41
16
5
42
16
5
43
16
5
44
16
5
45
16
5
46
16
2
40
16
2
40
17
2
40
18
2
40
19
2
40
20
2
34
25
2
34
24
2
34
23
2
34
22
2
34
21
2
34
20
2
34
19
2
34
18
2
34
17
2
34
16
2
34
14
2
34
13
2
34
12
2
34
11
2
34
15
2
40
21
2
40
22
2
35
27
2
36
27
2
37
27
2
34
26
2
34
27
2
38
27
2
39
27
2
40
27
2
40
23
2
41
27
2
42
27
2
43
27
2
44
27
2
45
27
2
46
27
2
47
27
2
48
27
2
49
27
2
49
26
2
49
25
2
49
24
2
47
21
2
47
20
2
47
19
2
47
18
2
47
17
2
49
23
2
49
22
2
49
21
2
49
20
2
49
19
2
49
18
2
49
17
2
49
16
2
49
15
2
49
14
2
49
13
2
49
12
2
49
11
2
49
10
2
49
9
2
49
8
2
49
7
2
49
6
2
49
5
2
49
4
2
49
3
2
49
2
2
49
1
2
49
0
2
49
-1
2
48
-1
2
38
-1
2
39
-1
2
40
-1
2
41
-1
2
42
-1
2
47
-1
1
39
1
2
47
0
2
43
-1
2
44
-1
2
44
5
2
44
4
2
44
3
2
22
4
2
26
6
2
26
5
2
26
4
2
26
3
2
26
2
2
26
1
2
26
0
2
22
0
2
23
0
2
24
0
1000000
