2
0
-1
14
-1
-1
14
1
-1
14
-2
-1
14
-3
-1
14
-4
-1
14
-5
-1
14
2
-1
14
3
-1
14
3
0
14
3
1
14
3
2
14
3
3
1
-4
0
18
-6
0
18
-6
1
18
-6
2
18
-6
3
18
-6
4
13
-5
4
9
-4
4
9
-3
4
18
-2
4
18
-2
3
18
-2
2
18
-2
1
18
-2
0
9
-4
3
13
3
4
9
3
5
6
3
6
9
4
4
9
5
4
14
-6
-1
2
-7
-1
3
-8
-1
6
3
7
6
3
8
16
3
9
16
3
10
14
-9
-1
14
-9
-2
14
-9
-3
14
-9
-4
14
-9
-5
14
-9
-6
14
-9
-7
14
-9
-8
14
-9
-9
14
-9
-10
14
-7
-10
14
-7
-9
15
-7
-8
9
-7
-7
9
-7
-6
9
-7
-5
9
-7
-4
9
-7
-3
9
-7
-2
14
-6
-2
14
-6
-3
14
-6
-4
14
-6
-5
14
-6
-6
14
-6
-7
14
-6
-8
14
-6
-9
14
-6
-10
5
-8
-10
5
-8
-9
3
-8
-8
3
-8
-7
3
-8
-6
3
-8
-5
3
-8
-4
3
-8
-3
3
-8
-2
14
-9
-11
14
-8
-11
14
-7
-11
14
-6
-11
9
0
7
16
3
11
9
0
6
2
3
12
2
3
13
8
3
14
8
2
15
8
3
15
8
4
15
9
1
15
9
0
15
9
-1
15
9
-2
15
9
-3
15
9
-4
15
9
-5
15
5
-6
14
5
-6
15
5
-7
15
5
-8
15
5
-9
15
5
-10
15
5
-11
15
5
-11
14
5
-10
14
5
-9
14
5
-8
14
5
-7
14
5
-9
13
5
-10
13
5
-11
13
5
-10
12
5
-11
12
5
-11
11
4
-12
15
4
-12
14
4
-12
13
4
-12
12
4
-12
11
4
-13
15
4
-13
14
4
-13
13
4
-13
12
4
-13
11
4
-13
10
4
-14
15
4
-14
14
4
-14
13
4
-14
12
4
-14
11
4
-14
10
4
-14
9
4
-14
8
4
-14
7
8
-14
6
8
-14
5
8
-14
4
8
-14
3
8
-14
2
8
-14
1
8
-14
0
8
-14
-1
8
-14
-2
8
-13
-2
8
-12
-2
8
-11
-2
8
-10
-2
10
-13
5
10
-12
2
10
-13
-1
8
-10
-1
8
-10
0
9
5
3
9
5
2
9
5
1
5
11
-5
3
12
10
3
11
-1
3
11
0
3
11
1
3
11
2
3
11
3
3
11
4
3
11
5
3
11
7
3
11
8
3
11
6
5
10
-5
3
9
9
3
12
7
3
12
0
3
12
1
3
12
2
8
8
12
8
9
12
8
10
12
3
12
3
3
12
4
3
12
5
5
9
-5
3
12
8
3
9
10
3
12
6
3
11
9
3
10
10
3
10
9
3
12
9
3
11
10
8
11
12
8
12
12
8
12
11
8
11
11
8
9
11
8
8
11
8
10
11
9
7
13
9
9
13
9
8
14
9
10
14
9
11
13
9
12
14
9
13
13
9
7
15
9
9
15
9
11
15
9
13
15
9
5
15
9
6
15
9
14
15
9
14
14
9
14
13
9
14
12
9
14
11
9
14
10
7
8
4
7
8
3
7
8
2
7
8
1
7
8
0
7
8
-1
7
8
-2
7
8
-3
7
8
-4
7
8
-5
13
6
3
13
6
2
13
6
4
9
14
9
2
4
-5
9
3
-5
7
8
-6
8
8
-7
8
6
-7
9
2
-5
9
1
-5
9
0
-5
9
5
-5
8
5
-6
8
5
-7
8
7
-7
7
8
5
9
-1
-5
12
-2
-5
8
-5
-10
8
-4
-10
8
-3
-10
8
-2
-10
8
-5
-11
8
-4
-11
8
-3
-11
8
-2
-11
8
-1
-11
2
8
10
2
8
9
10
8
8
10
8
7
10
8
6
17
14
1
10
7
10
9
14
8
9
14
7
9
14
6
9
14
5
9
14
4
9
14
3
9
14
2
2
0
-11
2
1
-11
2
2
-11
2
2
-12
2
7
-11
2
7
-12
2
2
-13
2
7
-13
2
11
-8
9
8
-11
9
9
-11
15
10
-11
9
11
-11
9
11
-10
2
11
-9
9
15
-6
9
15
-5
9
15
-7
9
15
-8
9
15
-9
9
15
-10
9
15
-11
2
16
-5
2
17
-5
2
18
-5
2
18
-4
2
18
-3
2
18
-1
2
18
0
2
18
-2
2
18
1
2
18
2
2
17
3
2
16
3
2
15
3
9
12
-11
9
13
-11
9
14
-11
2
13
-8
2
13
-7
2
13
-6
2
13
-5
2
12
-5
16
14
-9
16
14
-8
16
14
-7
16
14
-6
16
14
-5
10
14
0
10
13
0
10
13
1
10
13
2
10
13
3
10
13
4
10
15
0
16
17
0
11
-5
-9
11
-4
-9
11
-3
-9
11
-2
-9
9
6
5
9
6
6
3
11
-4
3
10
-4
3
9
-4
3
12
-1
8
13
7
8
13
8
8
13
9
8
13
10
8
13
11
8
13
12
10
16
0
10
17
1
10
17
2
1000000
