2
-3
-1
2
-2
-1
2
-1
-1
2
0
-1
2
1
-1
2
2
-1
2
3
-1
2
-3
0
2
-3
1
2
-3
2
2
-3
3
2
-3
4
2
-2
4
2
-1
4
2
0
4
2
1
4
2
2
4
2
2
8
2
3
14
12
8
7
2
9
7
2
10
7
2
2
11
2
2
10
2
2
9
2
8
-1
2
8
0
2
8
1
2
4
-1
2
5
-1
2
6
-1
2
7
-1
2
8
2
2
8
3
2
8
4
2
8
5
2
8
6
2
2
7
2
2
12
2
2
6
2
2
5
2
2
13
2
2
14
2
4
14
2
5
14
2
6
14
2
7
14
2
9
14
2
10
14
2
11
14
2
12
14
2
8
14
2
13
14
2
14
14
2
15
14
2
11
7
2
12
7
2
14
7
2
15
7
2
16
14
2
13
7
2
17
14
2
18
14
2
19
14
2
20
14
2
20
13
2
20
12
2
20
11
2
20
10
2
20
9
2
20
8
2
15
-1
2
15
-2
2
15
-3
2
15
-4
2
15
6
2
15
5
2
15
4
2
15
3
2
15
2
2
15
1
2
15
0
2
20
-4
2
20
-3
2
20
-2
2
21
-2
2
22
-2
2
23
-2
2
24
-2
2
25
-2
2
26
-2
2
20
7
2
20
6
12
20
5
2
21
5
2
22
5
2
23
5
2
24
5
2
25
5
2
26
5
2
20
-5
2
20
-6
2
20
-7
2
27
-2
2
15
-5
2
15
-6
2
15
-7
2
28
-2
2
28
-1
2
28
0
2
28
1
2
28
2
2
28
3
2
28
4
2
28
5
2
26
7
2
26
8
2
26
6
2
28
6
2
26
9
2
27
9
2
28
9
2
29
9
2
30
9
2
31
9
2
31
6
2
29
6
2
30
6
2
32
9
2
33
9
2
34
9
2
35
9
2
36
9
2
37
9
2
38
9
2
39
9
2
40
9
2
41
9
2
42
9
2
43
9
2
31
5
2
31
4
2
31
3
2
31
2
2
31
1
2
31
0
2
31
-1
2
31
-2
2
32
-2
2
33
-2
2
34
-2
2
35
-2
2
36
-2
2
37
-2
2
38
-2
2
39
-2
2
40
-2
2
41
-2
2
42
-2
2
43
-2
7
44
-1
7
45
-1
7
34
-1
7
35
-1
7
36
-1
7
37
-1
7
38
-1
7
39
-1
7
40
-1
7
42
-1
7
43
-1
7
41
-1
7
46
-1
2
44
-2
2
45
-2
2
46
-2
2
47
-2
2
48
-2
2
49
-2
2
50
-2
2
44
9
2
45
9
2
46
9
2
47
9
2
48
9
2
49
9
2
49
8
2
49
7
2
49
6
2
49
5
2
49
4
2
49
3
2
51
-2
2
52
-2
2
53
-2
2
50
3
2
51
3
2
52
3
2
53
3
10
69
1
1
69
2
1000000
