2
-1
-1
9
-1
0
9
-1
1
9
-1
2
9
-1
3
9
-1
8
2
0
-1
9
-2
8
2
1
-1
9
1
0
9
1
1
9
1
2
9
1
3
9
-3
8
9
-4
8
9
-4
7
9
0
8
9
1
8
9
2
8
9
3
8
9
4
8
9
5
8
9
2
3
9
3
3
9
4
3
9
5
3
9
-4
6
9
-4
5
9
-4
4
9
-4
3
9
-3
3
9
-2
3
9
6
8
9
7
8
9
8
8
9
9
8
9
10
8
9
11
8
9
12
8
9
6
3
9
7
3
9
8
3
9
9
3
9
13
8
9
14
8
9
15
8
2
24
8
9
16
8
9
17
8
9
21
3
9
22
3
9
23
3
9
18
8
9
19
8
9
20
8
9
21
8
9
22
8
9
23
8
9
10
3
9
11
3
9
12
3
9
24
3
9
25
3
9
26
3
2
27
3
2
27
4
2
27
5
2
27
6
2
27
7
2
27
8
2
27
10
2
27
11
2
27
12
2
27
9
2
24
9
2
24
10
2
24
11
2
24
12
2
24
13
2
24
14
2
24
15
2
24
16
2
27
13
2
27
14
2
27
15
2
27
16
2
24
17
2
24
18
2
24
19
2
24
20
2
24
21
2
25
21
2
26
21
2
27
21
2
28
21
2
29
21
2
30
21
2
31
21
2
32
21
2
33
21
2
34
21
2
35
21
2
36
21
2
37
21
2
38
21
2
36
16
2
36
18
2
36
17
2
36
15
2
36
14
2
38
20
2
38
19
2
38
18
2
38
17
2
38
16
2
38
15
2
38
14
2
38
13
2
38
6
2
36
13
2
36
12
2
36
11
2
36
10
2
36
9
2
36
8
2
39
6
2
40
6
2
41
6
2
42
6
5
28
14
5
29
14
5
30
14
5
31
14
5
32
14
5
33
14
5
34
14
5
35
14
2
36
7
2
36
6
2
36
5
2
36
4
2
36
3
2
43
6
2
38
12
2
38
5
2
38
4
2
38
3
2
38
11
2
40
11
2
39
11
2
41
11
2
42
11
2
43
11
2
44
11
2
45
11
2
46
11
2
44
6
2
45
6
2
46
6
2
47
6
2
48
6
2
47
11
2
48
11
1
51
15
9
48
12
9
48
13
9
48
14
9
48
15
9
48
16
9
48
17
9
48
18
9
48
19
2
49
6
2
50
6
2
51
6
2
52
6
9
52
7
9
52
8
9
52
9
9
52
11
9
52
12
9
52
10
9
52
13
9
52
14
9
52
15
9
52
16
9
52
17
9
52
18
9
52
19
9
51
19
9
50
19
9
49
19
1000000
