3
4
-7
3
5
-7
3
6
-7
3
7
-7
3
8
-7
3
9
-7
3
10
-7
9
2
-1
9
1
-1
9
0
-1
9
-1
-1
9
-2
-1
9
16
-6
9
17
-6
9
18
-6
9
19
-6
9
20
-6
9
21
-6
9
22
-6
3
15
-7
3
14
-7
9
23
-6
3
13
-7
3
12
-7
3
11
-7
10
34
5
9
45
-10
9
46
-10
9
47
-10
9
48
-10
9
49
-10
9
50
-10
9
51
-10
9
52
-10
9
53
-10
9
54
-10
9
55
-10
9
56
-10
9
57
-10
11
56
4
11
56
5
11
56
6
11
56
-8
11
56
-7
11
56
-6
11
56
-9
11
56
-5
11
56
-4
11
56
-3
11
56
-2
11
56
-1
11
56
0
11
56
1
11
56
2
11
56
3
11
56
7
10
61
10
10
61
11
10
62
11
10
62
10
9
58
-10
9
59
-10
9
60
-10
9
61
-10
9
62
-10
9
63
-10
9
64
-10
9
65
-10
9
66
-10
9
67
-10
9
68
-10
9
69
-10
9
70
-10
9
71
-10
9
72
-10
9
73
-10
9
74
-10
9
75
-10
9
76
-10
9
77
-10
9
78
-10
9
79
-10
1
76
7
6
73
13
3
73
-7
3
73
-6
3
73
-4
3
73
-5
3
73
-3
3
73
-2
3
73
-1
3
73
0
3
73
1
3
73
2
3
73
3
3
73
4
3
73
5
3
73
6
3
73
7
3
73
8
3
73
9
3
73
10
3
73
11
3
73
12
1000000
