8
7
0
2
-2
-1
2
-1
-1
2
0
-1
2
1
-1
2
2
-1
2
3
-1
2
4
-1
2
5
-1
2
6
-1
2
7
-1
2
8
-1
2
-2
0
2
-2
1
2
-2
2
2
-2
3
2
-2
4
2
-2
5
2
-2
6
2
-2
7
2
-2
8
2
-2
9
2
-2
10
2
-1
10
2
0
10
2
1
10
2
2
10
2
3
10
2
4
10
2
5
10
2
6
10
2
7
10
2
8
10
2
9
10
2
10
10
2
11
10
2
12
10
2
13
10
2
14
10
2
15
10
2
9
-1
2
10
-1
2
11
-1
2
12
-1
2
13
-1
2
14
-1
2
15
-1
2
16
-1
2
16
10
8
8
0
8
6
0
6
16
0
3
26
-1
2
16
2
2
16
3
2
16
4
2
16
5
2
16
6
2
17
10
2
18
10
2
19
10
2
20
10
2
21
10
2
17
-1
2
18
-1
2
19
-1
2
20
-1
2
21
-1
2
22
-1
2
23
-1
2
25
5
2
25
4
2
25
3
3
27
-1
6
25
0
6
26
0
2
25
-1
7
22
6
2
23
10
2
22
10
2
24
10
2
25
10
2
24
-1
2
26
5
7
19
6
2
27
5
2
28
5
2
29
5
2
30
10
2
26
10
2
28
10
6
24
0
2
31
10
2
29
10
2
27
10
6
23
0
6
22
0
6
21
0
6
20
0
6
19
0
6
18
0
6
17
0
5
31
9
5
31
8
3
28
-1
3
29
-1
2
32
10
2
33
10
2
32
5
2
33
5
2
34
5
2
35
5
5
30
9
5
30
8
3
30
-1
3
31
-1
3
32
-1
6
27
0
6
28
0
6
29
0
6
30
0
6
31
0
6
32
0
6
33
0
6
34
0
6
35
0
3
33
-1
3
34
-1
3
35
-1
3
36
-1
1
35
2
3
37
-1
3
38
-1
3
39
-1
6
36
0
6
37
0
6
38
0
6
39
0
2
36
5
2
34
10
2
40
2
2
37
5
2
38
5
2
39
5
2
40
5
2
41
5
2
42
5
2
43
5
2
41
-1
2
42
-1
2
43
-1
2
44
-1
2
40
1
2
40
0
2
40
-1
2
45
-1
2
46
-1
2
47
-1
8
48
-1
2
49
-1
2
50
-1
2
51
-1
2
52
-1
2
53
-1
2
35
10
2
36
10
6
38
6
6
39
6
2
38
8
2
38
9
2
38
10
2
38
11
2
38
12
2
36
11
2
36
12
2
36
13
2
36
14
2
36
15
2
38
13
2
38
14
2
38
15
10
49
15
2
36
16
2
36
17
2
36
18
2
37
18
2
38
18
2
38
19
2
38
20
2
38
21
2
38
22
2
38
23
2
38
24
2
38
25
2
38
26
2
38
27
2
38
28
2
38
29
2
38
30
2
38
31
2
38
32
2
38
33
2
38
34
2
38
35
2
68
24
2
68
25
2
68
26
2
68
27
2
68
28
2
68
29
2
68
30
2
44
5
2
45
5
2
46
5
2
47
5
2
48
5
2
49
5
2
50
5
2
51
5
2
52
5
2
53
5
2
54
5
2
55
5
2
56
5
2
57
5
2
58
5
2
54
-1
2
56
-1
8
57
-1
2
58
-1
2
68
32
2
59
5
2
59
6
2
55
-1
2
59
7
2
59
8
2
59
9
2
59
10
6
40
6
6
41
6
6
42
6
6
43
6
6
44
6
6
45
6
6
46
6
6
47
6
6
48
6
6
49
6
6
50
6
6
51
6
6
52
6
6
53
6
6
54
6
6
55
6
6
56
6
6
57
6
6
58
6
2
68
33
2
68
34
2
68
35
2
68
31
2
38
36
2
60
10
2
61
10
2
62
10
2
63
10
2
38
37
2
38
38
2
38
39
2
39
39
2
68
23
2
64
10
2
68
22
2
68
21
2
68
20
2
68
19
2
68
18
2
68
17
2
68
16
2
68
15
2
68
14
2
68
12
2
68
9
2
68
8
2
68
10
2
68
11
2
68
13
2
68
7
2
68
6
2
65
10
8
67
0
2
68
5
2
68
4
2
68
2
2
68
1
2
68
0
2
68
-1
2
68
3
2
67
-1
2
66
-1
2
65
-1
2
64
-1
2
63
-1
2
62
-1
2
60
-1
2
59
-1
2
61
-1
2
65
9
2
65
8
2
65
7
2
65
6
2
65
5
2
65
4
2
65
3
2
65
2
8
62
0
8
62
1
8
62
2
8
62
3
8
62
5
8
62
6
8
62
4
3
64
7
3
63
7
3
63
8
3
64
8
6
64
9
6
63
9
6
62
9
3
62
8
3
62
7
3
61
7
3
61
8
6
61
9
8
61
6
8
61
5
8
61
4
8
61
3
8
61
2
8
61
1
8
61
0
6
63
6
5
58
10
5
58
9
5
58
8
5
58
7
2
40
39
2
41
39
2
42
39
2
43
39
2
44
39
2
45
39
2
46
39
2
47
39
2
48
39
2
49
39
2
50
39
2
51
39
2
52
39
2
53
39
2
54
39
2
55
39
2
56
39
2
57
39
2
58
39
2
59
39
2
60
39
2
61
39
2
62
39
2
63
39
2
64
39
2
65
39
2
66
39
2
67
39
2
68
39
2
68
38
2
68
37
2
68
36
8
52
4
8
44
4
1000000
